CID;TABCD;LCD;CLASS;TCD;STCD;NID;POL_LCD
51;9;1;A;1;0;168;
51;9;5;A;3;0;178;1
51;9;6;A;3;0;184;1
51;9;4;A;3;0;182;1
51;9;7;A;3;0;172;1
51;9;3;A;3;0;174;1
51;9;8;A;3;0;186;1
51;9;9;A;7;0;196;8
51;9;12;A;7;0;228;8
51;9;15;A;7;0;266;8
51;9;10;A;7;0;188;8
51;9;13;A;7;0;218;8
51;9;14;A;7;0;198;8
51;9;11;A;7;0;248;8
51;9;23;A;8;0;262;11
51;9;22;A;8;0;258;11
51;9;36;A;8;0;230;12
51;9;29;A;8;0;234;12
51;9;19;A;8;0;196;9
51;9;24;A;8;0;252;11
51;9;30;A;8;0;208;14
51;9;33;A;8;0;226;13
51;9;38;A;8;0;238;12
51;9;16;A;8;0;206;14
51;9;34;A;8;0;224;13
51;9;18;A;8;0;210;14
51;9;20;A;8;0;264;11
51;9;21;A;8;0;254;11
51;9;40;A;8;0;188;10
51;9;35;A;8;0;240;12
51;9;41;A;8;0;266;15
51;9;26;A;8;0;202;14
51;9;31;A;8;0;220;13
51;9;39;A;8;0;250;11
51;9;32;A;8;0;222;13
51;9;37;A;8;0;232;12
51;9;17;A;8;0;204;14
51;9;27;A;8;0;244;12
51;9;25;A;8;0;214;14
51;9;28;A;8;0;236;12
51;9;32847;A;9;1;3652;19
51;9;34919;A;9;1;7192;32
51;9;34537;A;9;1;6344;27
51;9;34019;A;9;1;511579;41
51;9;34399;A;9;1;2634;26
51;9;33344;A;9;1;9444;23
51;9;33803;A;9;1;3464;40
51;9;33742;A;9;1;520199;33
51;9;34736;A;9;1;7956;28
51;9;33879;A;9;1;520261;33
51;9;33317;A;9;1;520412;23
51;9;34143;A;9;1;5366;38
51;9;32963;A;9;1;5110;23
51;9;34139;A;9;1;4960;38
51;9;32988;A;9;1;2120;20
51;9;34323;A;9;1;9696;39
51;9;33972;A;9;1;2772;41
51;9;33365;A;9;1;6910;23
51;9;33854;A;9;1;8310;33
51;9;32853;A;9;1;509621;19
51;9;34514;A;9;1;1702;27
51;9;34021;A;9;1;5762;41
51;9;32992;A;9;1;4244;20
51;9;34446;A;9;1;3522;26
51;9;33402;A;9;1;510560;23
51;9;34203;A;9;2;511855;22
51;9;33620;A;9;1;9252;40
51;9;34606;A;9;1;10640;31
51;9;33719;A;9;1;3472;40
51;9;33245;A;9;1;8672;23
51;9;33541;A;9;1;510805;40
51;9;34269;A;9;1;2552;35
51;9;32936;A;9;1;3432;20
51;9;34979;A;9;1;3786;31
51;9;33737;A;9;1;2490;40
51;9;34975;A;9;1;513157;31
51;9;34640;A;9;1;6570;27
51;9;33807;A;9;1;4388;40
51;9;34805;A;9;1;8946;33
51;9;34545;A;9;1;4332;31
51;9;34971;A;9;1;5492;31
51;9;34934;A;9;1;1668;31
51;9;33235;A;9;1;510269;23
51;9;34158;A;9;1;4768;36
51;9;34375;A;9;1;5654;39
51;9;32866;A;9;1;509642;19
51;9;33785;A;9;1;8044;40
51;9;33592;A;9;1;510886;40
51;9;33768;A;9;1;5146;40
51;9;34860;A;9;1;512966;33
51;9;34681;A;9;1;10030;21
51;9;33234;A;9;1;510266;23
51;9;34169;A;9;1;696;35
51;9;33151;A;9;1;510131;23
51;9;33422;A;9;1;2438;23
51;9;34441;A;9;1;520345;31
51;9;34283;A;9;1;512003;27
51;9;33718;A;9;1;10286;40
51;9;34527;A;9;1;512397;27
51;9;33399;A;9;1;510555;23
51;9;34099;A;9;1;4710;38
51;9;33267;A;9;1;510327;23
51;9;32868;A;9;1;8180;19
51;9;32972;A;9;1;10546;20
51;9;32788;A;9;1;3246;19
51;9;34838;A;9;1;2764;32
51;9;33287;A;9;1;10730;23
51;9;34508;A;9;1;5446;27
51;9;33347;A;9;1;10110;23
51;9;34633;A;9;1;6128;27
51;9;34764;A;9;1;7696;24
51;9;33026;A;9;1;5988;20
51;9;34966;A;9;1;3536;31
51;9;34370;A;9;1;10762;39
51;9;33312;A;9;1;8392;23
51;9;35109;A;9;1;4266;32
51;9;34931;A;9;1;3790;31
51;9;34163;A;9;1;10068;36
51;9;33821;A;9;1;511275;40
51;9;33198;A;9;1;6068;23
51;9;34585;A;9;1;5722;27
51;9;35019;A;9;1;7098;31
51;9;33377;A;9;1;766;23
51;9;33152;A;9;1;9052;23
51;9;34115;A;9;1;8000;38
51;9;32953;A;9;1;5344;20
51;9;33786;A;9;1;3818;40
51;9;34956;A;9;1;4898;31
51;9;34682;A;9;1;4950;33
51;9;34213;A;9;1;511885;22
51;9;34054;A;9;1;3288;41
51;9;34769;A;9;1;7700;24
51;9;33170;A;9;1;526261;23
51;9;34414;A;9;1;1410;26
51;9;33017;A;9;1;9794;20
51;9;32864;A;9;2;1088;19
51;9;33922;A;9;1;3762;30
51;9;35032;A;9;1;3550;31
51;9;34340;A;9;1;398;39
51;9;35116;A;9;1;5736;32
51;9;35098;A;9;1;513342;31
51;9;33953;A;9;1;10962;41
51;9;34613;A;9;1;512543;27
51;9;34481;A;9;1;3856;26
51;9;34190;A;9;1;511846;35
51;9;34464;A;9;1;512300;26
51;9;33761;A;9;1;511177;40
51;9;32814;A;9;1;509548;19
51;9;34371;A;9;1;1046;39
51;9;34970;A;9;1;464;31
51;9;34301;A;9;1;5826;35
51;9;33662;A;9;1;511008;40
51;9;34916;A;9;2;1276;34
51;9;34630;A;9;1;3106;27
51;9;33970;A;9;1;6724;41
51;9;34933;A;9;1;3540;31
51;9;33705;A;9;1;520307;33
51;9;33658;A;9;1;510996;40
51;9;33561;A;9;1;434;40
51;9;34702;A;9;1;6994;21
51;9;33166;A;9;1;510156;23
51;9;34564;A;9;1;512458;27
51;9;33865;A;9;1;4842;40
51;9;34215;A;9;1;2356;22
51;9;35135;A;9;1;6574;32
51;9;34265;A;9;1;682;35
51;9;34395;A;9;1;512205;26
51;9;33337;A;9;1;9510;23
51;9;32848;A;9;1;1112;19
51;9;34516;A;9;1;1848;27
51;9;33272;A;9;1;8464;23
51;9;34209;A;9;1;8368;22
51;9;34523;A;9;1;1912;27
51;9;34379;A;9;1;8554;39
51;9;33246;A;9;1;8408;23
51;9;33652;A;9;1;3822;40
51;9;33346;A;9;1;9046;23
51;9;33857;A;9;1;4838;40
51;9;34254;A;9;1;511958;35
51;9;33664;A;9;1;520217;33
51;9;34066;A;9;1;1370;18
51;9;32945;A;9;1;1354;18
51;9;34344;A;9;1;332;39
51;9;33707;A;9;1;4890;26
51;9;34776;A;9;1;512820;24
51;9;34416;A;9;1;520343;25
51;9;34574;A;9;1;10700;27
51;9;33769;A;9;1;1986;40
51;9;33899;A;9;1;5074;30
51;9;34025;A;9;1;542;41
51;9;34743;A;9;1;512755;28
51;9;33595;A;9;1;510893;40
51;9;33713;A;9;1;4832;40
51;9;33465;A;9;1;510679;26
51;9;34829;A;9;1;512913;31
51;9;32837;A;9;1;564;41
51;9;34531;A;9;1;10088;27
51;9;33299;A;9;1;7350;23
51;9;34840;A;9;1;3390;32
51;9;34116;A;9;1;694;35
51;9;33155;A;9;1;5878;23
51;9;33867;A;9;1;10678;40
51;9;34639;A;9;1;3104;27
51;9;33947;A;9;1;6730;41
51;9;33628;A;9;1;510956;40
51;9;34101;A;9;1;632;38
51;9;34873;A;9;1;5084;33
51;9;35123;A;9;1;10736;32
51;9;34608;A;9;1;4330;31
51;9;34314;A;9;1;362;39
51;9;33873;A;9;1;5042;40
51;9;33840;A;9;1;10410;40
51;9;35008;A;9;1;8644;31
51;9;33999;A;9;1;1274;41
51;9;32970;A;9;1;430;20
51;9;34819;A;9;1;3826;33
51;9;34459;A;9;1;9160;26
51;9;33701;A;9;1;5690;40
51;9;33519;A;9;1;4054;40
51;9;34035;A;9;1;2794;41
51;9;33295;A;9;1;9488;23
51;9;34654;A;9;1;9566;27
51;9;33390;A;9;1;510532;23
51;9;33201;A;9;1;784;23
51;9;34967;A;9;1;4606;31
51;9;33848;A;9;1;9246;40
51;9;33424;A;9;1;6630;23
51;9;33937;A;9;1;1630;30
51;9;33605;A;9;1;2248;40
51;9;33924;A;9;1;9910;30
51;9;33604;A;9;1;510912;40
51;9;34134;A;9;1;10666;35
51;9;34204;A;9;1;511868;22
51;9;32789;A;9;1;7516;19
51;9;33868;A;9;1;4834;40
51;9;33461;A;9;1;9296;40
51;9;33154;A;9;1;510136;22
51;9;34587;A;9;1;5102;27
51;9;34108;A;9;1;668;36
51;9;34689;A;9;1;3154;21
51;9;32956;A;9;1;9362;41
51;9;33971;A;9;1;3316;41
51;9;34490;A;9;1;506;17
51;9;33431;A;9;1;8674;23
51;9;33539;A;9;1;2596;40
51;9;33665;A;9;1;511013;22
51;9;33021;A;9;1;2098;23
51;9;33938;A;9;1;8338;26
51;9;34360;A;9;1;512142;39
51;9;35093;A;9;1;9636;32
51;9;34034;A;9;1;8762;41
51;9;33294;A;9;1;8474;39
51;9;33226;A;9;1;2380;23
51;9;32937;A;9;1;5386;40
51;9;33237;A;9;1;6770;39
51;9;33782;A;9;1;5040;40
51;9;34046;A;9;1;7072;41
51;9;35137;A;9;1;5788;32
51;9;34149;A;9;1;511777;36
51;9;34665;A;9;1;5934;31
51;9;34166;A;9;1;10054;36
51;9;32941;A;9;1;509765;20
51;9;33714;A;9;1;10070;40
51;9;34478;A;9;1;3854;26
51;9;34779;A;9;1;6242;24
51;9;34107;A;9;1;511703;27
51;9;34708;A;9;1;4516;21
51;9;35025;A;9;1;9602;31
51;9;33518;A;9;1;520235;21
51;9;33566;A;9;1;4384;40
51;9;33450;A;9;1;510648;33
51;9;34886;A;9;1;7616;33
51;9;34925;A;9;2;214;25
51;9;34353;A;9;1;512129;39
51;9;33720;A;9;1;511108;40
51;9;33316;A;9;1;5538;23
51;9;33013;A;9;1;509889;20
51;9;34802;A;9;1;10770;32
51;9;32844;A;9;1;1094;19
51;9;34244;A;9;1;6204;35
51;9;34056;A;9;1;544;41
51;9;33009;A;9;1;2642;20
51;9;33728;A;9;1;511120;40
51;9;33373;A;9;1;10726;23
51;9;35079;A;9;1;4082;31
51;9;34258;A;9;1;2888;35
51;9;33531;A;9;1;2606;40
51;9;34123;A;9;1;511733;36
51;9;33881;A;9;1;520297;33
51;9;32990;A;9;1;3446;20
51;9;33171;A;9;1;2430;24
51;9;33826;A;9;1;8258;40
51;9;32912;A;9;1;9838;19
51;9;34357;A;9;1;6458;39
51;9;33817;A;9;1;520187;39
51;9;33105;A;9;1;510049;23
51;9;34168;A;9;1;511806;38
51;9;34109;A;9;1;4808;36
51;9;34546;A;9;1;6116;27
51;9;32835;A;9;1;1104;19
51;9;33125;A;9;1;510091;23
51;9;33642;A;9;1;9260;40
51;9;33232;A;9;1;8472;39
51;9;33522;A;9;1;510776;40
51;9;34868;A;9;1;3974;33
51;9;34229;A;9;1;4538;35
51;9;34534;A;9;1;5608;27
51;9;33805;A;9;1;4274;40
51;9;35061;A;9;1;7196;31
51;9;35009;A;9;1;904;31
51;9;33156;A;9;1;8388;23
51;9;33058;A;9;1;4220;20
51;9;32863;A;9;1;3618;19
51;9;33043;A;9;1;2096;23
51;9;34923;A;9;1;9650;34
51;9;34274;A;9;1;476;28
51;9;34253;A;9;1;670;35
51;9;33122;A;9;1;510086;23
51;9;32994;A;9;1;509858;20
51;9;34086;A;9;1;2984;38
51;9;32857;A;9;1;1106;19
51;9;32965;A;9;1;422;20
51;9;33860;A;9;1;511346;40
51;9;34710;A;9;1;9472;21
51;9;34358;A;9;1;512136;39
51;9;35059;A;9;1;3608;31
51;9;34581;A;9;1;3866;27
51;9;33413;A;9;1;2432;23
51;9;33659;A;9;1;510999;40
51;9;33142;A;9;1;2384;23
51;9;33182;A;9;1;8678;23
51;9;34562;A;9;1;3864;27
51;9;33930;A;9;1;512;27
51;9;35028;A;9;1;6442;31
51;9;33161;A;9;1;5062;23
51;9;34650;A;9;1;1726;27
51;9;35077;A;9;1;7100;31
51;9;34550;A;9;1;5724;27
51;9;34338;A;9;1;7226;39
51;9;34225;A;9;1;8108;35
51;9;33697;A;9;1;511065;40
51;9;33819;A;9;1;10102;40
51;9;34618;A;9;1;7252;28
51;9;33045;A;9;1;7398;20
51;9;32804;A;9;1;509528;19
51;9;33739;A;9;1;858;40
51;9;34501;A;9;2;236;28
51;9;33331;A;9;1;8706;23
51;9;33794;A;9;1;511232;33
51;9;34324;A;9;1;4640;39
51;9;35118;A;9;1;3162;32
51;9;33625;A;9;1;510949;40
51;9;32914;A;9;1;3252;19
51;9;34563;A;9;1;908;31
51;9;34474;A;9;1;520333;31
51;9;33484;A;9;1;9900;40
51;9;34345;A;9;1;6016;39
51;9;34685;A;9;1;1246;21
51;9;32935;A;9;1;4716;40
51;9;33962;A;9;1;3228;18
51;9;33792;A;9;1;4028;40
51;9;33167;A;9;1;510159;23
51;9;34170;A;9;1;4382;38
51;9;34881;A;9;1;513003;33
51;9;34992;A;9;1;513182;31
51;9;32939;A;9;1;4412;20
51;9;32825;A;9;1;8328;19
51;9;33242;A;9;1;5976;39
51;9;33646;A;9;1;10380;40
51;9;34548;A;9;1;1902;27
51;9;33398;A;9;1;510552;23
51;9;34017;A;9;1;532;41
51;9;34141;A;9;1;9286;38
51;9;32996;A;9;1;6086;20
51;9;33453;A;9;1;510653;40
51;9;33555;A;9;1;520265;26
51;9;33284;A;9;1;5058;23
51;9;32918;A;9;1;10302;19
51;9;33035;A;9;1;509933;23
51;9;33332;A;9;1;9402;23
51;9;33693;A;9;1;6258;40
51;9;34525;A;9;1;5598;27
51;9;34675;A;9;1;512655;21
51;9;32959;A;9;1;10952;20
51;9;34592;A;9;1;1730;27
51;9;33534;A;9;1;7396;40
51;9;33833;A;9;1;7762;40
51;9;33961;A;9;1;511489;41
51;9;35104;A;9;1;4268;32
51;9;33919;A;9;1;3566;25
51;9;34044;A;9;1;3276;41
51;9;34418;A;9;1;2630;26
51;9;33462;A;9;1;510670;40
51;9;34831;A;9;1;4410;32
51;9;34771;A;9;1;512809;24
51;9;34157;A;9;1;511791;35
51;9;33773;A;9;1;511201;40
51;9;34859;A;9;2;226;33
51;9;33322;A;9;1;6960;23
51;9;34601;A;9;1;1884;27
51;9;35075;A;9;1;6434;31
51;9;34894;A;9;1;10772;32
51;9;32894;A;9;1;8422;19
51;9;33083;A;9;1;2586;40
51;9;35054;A;9;1;9810;31
51;9;33495;A;9;1;520245;26
51;9;34318;A;9;1;10204;39
51;9;33597;A;9;1;3132;40
51;9;35091;A;9;1;513333;31
51;9;34936;A;9;1;4084;31
51;9;33575;A;9;1;3490;40
51;9;33303;A;9;1;2452;23
51;9;33452;A;9;1;4520;21
51;9;35127;A;9;1;7688;32
51;9;33931;A;9;1;3062;38
51;9;34806;A;9;1;512880;32
51;9;34198;A;9;1;8342;22
51;9;32861;A;9;1;2818;19
51;9;33746;A;9;1;4750;40
51;9;32777;A;9;1;509481;29
51;9;33986;A;9;1;548;41
51;9;33214;A;9;1;510236;23
51;9;34909;A;9;1;513049;33
51;9;34071;A;9;1;3346;18
51;9;34987;A;9;1;8812;32
51;9;33290;A;9;1;5974;39
51;9;34119;A;9;1;7118;36
51;9;34740;A;9;1;5044;28
51;9;34533;A;9;1;512405;27
51;9;34038;A;9;1;10236;41
51;9;35057;A;9;1;1570;31
51;9;35010;A;9;1;513210;31
51;9;34463;A;9;1;1174;26
51;9;34103;A;9;1;1152;38
51;9;32827;A;9;1;1340;41
51;9;34252;A;9;1;2870;35
51;9;35049;A;9;1;6360;31
51;9;33932;A;9;1;3362;26
51;9;34784;A;9;1;9308;24
51;9;33102;A;9;1;510040;23
51;9;33578;A;9;1;2614;40
51;9;34393;A;9;1;3526;26
51;9;33513;A;9;1;822;40
51;9;34349;A;9;1;7876;39
51;9;34127;A;9;1;3014;38
51;9;33300;A;9;1;9442;23
51;9;34237;A;9;1;3026;35
51;9;33645;A;9;1;2746;40
51;9;34477;A;9;1;7886;26
51;9;33363;A;9;1;510481;23
51;9;34456;A;9;1;1422;26
51;9;34742;A;9;1;7960;28
51;9;33680;A;9;1;3460;40
51;9;33813;A;9;1;8304;40
51;9;34210;A;9;1;6876;22
51;9;33222;A;9;1;510250;23
51;9;32811;A;9;1;2814;19
51;9;33169;A;9;1;510163;39
51;9;32799;A;9;1;3636;19
51;9;33400;A;9;1;10944;23
51;9;34164;A;9;1;10056;36
51;9;34280;A;9;1;5474;27
51;9;33736;A;9;1;2602;40
51;9;33920;A;9;1;8146;30
51;9;33995;A;9;1;524;41
51;9;34520;A;9;1;3098;27
51;9;34483;A;9;1;512325;26
51;9;34290;A;9;1;2882;35
51;9;35037;A;9;1;9600;31
51;9;33163;A;9;1;3914;23
51;9;34401;A;9;1;4966;26
51;9;35063;A;9;1;513285;31
51;9;33286;A;9;1;2448;23
51;9;34440;A;9;1;3584;26
51;9;32980;A;9;1;9016;20
51;9;34783;A;9;1;512837;24
51;9;33243;A;9;1;4186;23
51;9;33954;A;9;1;716;41
51;9;33825;A;9;1;511287;40
51;9;35084;A;9;1;4320;31
51;9;35050;A;9;1;5284;31
51;9;34327;A;9;1;1032;39
51;9;33963;A;9;1;520;41
51;9;33002;A;9;1;509870;20
51;9;32812;A;9;1;1060;41
51;9;34820;A;9;2;3488;31
51;9;33527;A;9;1;2014;40
51;9;34827;A;9;1;1464;32
51;9;32924;A;9;1;10294;19
51;9;34826;A;9;1;4686;31
51;9;33998;A;9;1;6704;41
51;9;33165;A;9;1;5882;23
51;9;33877;A;9;1;2498;40
51;9;33804;A;9;1;6568;40
51;9;33585;A;9;1;5392;40
51;9;32951;A;9;1;3378;40
51;9;33608;A;9;1;4758;40
51;9;34074;A;9;1;1682;18
51;9;34816;A;9;1;3962;33
51;9;32792;A;9;1;3070;38
51;9;34129;A;9;1;511743;38
51;9;33960;A;9;1;511486;41
51;9;33031;A;9;1;10544;20
51;9;34604;A;9;1;512528;27
51;9;35034;A;9;1;7094;31
51;9;33584;A;9;1;510872;40
51;9;34643;A;9;1;1716;27
51;9;33635;A;9;1;5682;40
51;9;34154;A;9;1;7236;38
51;9;33253;A;9;1;5060;23
51;9;33537;A;9;1;8780;40
51;9;34657;A;9;1;512629;27
51;9;32843;A;9;1;3722;19
51;9;35068;A;9;1;896;31
51;9;33709;A;9;1;511087;40
51;9;33878;A;9;1;4278;40
51;9;33199;A;9;1;762;23
51;9;35031;A;9;1;4934;31
51;9;33164;A;9;1;9324;39
51;9;35039;A;9;1;5676;31
51;9;33668;A;9;1;3944;40
51;9;32969;A;9;1;5406;20
51;9;34312;A;9;1;4632;39
51;9;34590;A;9;1;9170;27
51;9;34443;A;9;1;5800;26
51;9;35041;A;9;1;3882;31
51;9;33265;A;9;1;510323;23
51;9;34920;A;9;1;6320;32
51;9;34085;A;9;1;2986;38
51;9;32852;A;9;1;3728;19
51;9;34655;A;9;1;9426;27
51;9;33811;A;9;1;4282;40
51;9;34781;A;9;1;512831;24
51;9;33236;A;9;1;510272;23
51;9;34745;A;9;1;2896;28
51;9;33266;A;9;1;3894;23
51;9;33393;A;9;1;510541;23
51;9;33722;A;9;1;511112;40
51;9;33335;A;9;1;10278;23
51;9;33277;A;9;1;5222;23
51;9;34638;A;9;1;1598;27
51;9;32778;A;9;1;3344;18
51;9;33259;A;9;1;4182;23
51;9;34996;A;9;1;9946;31
51;9;33472;A;9;1;2666;40
51;9;33596;A;9;1;2202;40
51;9;33528;A;9;1;3808;40
51;9;32910;A;9;1;4468;19
51;9;33068;A;9;1;7862;20
51;9;34420;A;9;1;520323;31
51;9;34147;A;9;1;9616;38
51;9;34832;A;9;1;3960;33
51;9;32873;A;9;1;2824;19
51;9;34945;A;9;1;5488;31
51;9;34653;A;9;1;3766;27
51;9;35021;A;9;1;9128;31
51;9;34723;A;9;1;512725;37
51;9;34752;A;9;1;6232;24
51;9;33982;A;9;1;2776;41
51;9;34698;A;9;1;5174;21
51;9;34542;A;9;1;3878;27
51;9;33666;A;9;1;9114;40
51;9;34279;A;9;1;4532;27
51;9;33149;A;9;1;510127;23
51;9;33855;A;9;1;7994;40
51;9;34735;A;9;1;9804;28
51;9;33529;A;9;1;1966;40
51;9;33834;A;9;1;9198;40
51;9;34895;A;9;1;4400;33
51;9;35052;A;9;1;894;31
51;9;33174;A;9;1;510174;39
51;9;34854;A;9;1;3954;33
51;9;33368;A;9;1;510490;23
51;9;33489;A;9;1;510715;40
51;9;33551;A;9;1;510823;40
51;9;33902;A;9;1;511406;18
51;9;34963;A;9;1;3534;31
51;9;33019;A;9;1;3434;20
51;9;35107;A;9;1;513355;32
51;9;34297;A;9;1;2878;35
51;9;34468;A;9;1;520311;31
51;9;33126;A;9;1;366;23
51;9;33227;A;9;1;3896;23
51;9;33003;A;9;1;6734;20
51;9;33689;A;9;1;511051;40
51;9;33382;A;9;1;510520;23
51;9;33993;A;9;1;511543;41
51;9;34918;A;9;1;5784;32
51;9;34884;A;9;1;7590;32
51;9;34131;A;9;1;511747;35
51;9;32850;A;9;1;3612;19
51;9;33449;A;9;1;510645;21
51;9;33207;A;9;1;6626;23
51;9;34885;A;9;1;513009;33
51;9;32776;A;9;1;8054;30
51;9;34614;A;9;1;4328;31
51;9;33069;A;9;1;509981;20
51;9;33656;A;9;1;5266;40
51;9;33135;A;9;1;2372;23
51;9;33984;A;9;1;5962;41
51;9;34341;A;9;1;7728;39
51;9;34943;A;9;1;513113;31
51;9;33086;A;9;1;814;23
51;9;32813;A;9;1;4466;19
51;9;33191;A;9;1;788;23
51;9;34846;A;9;1;4358;33
51;9;32899;A;9;1;606;19
51;9;34939;A;9;1;460;31
51;9;34045;A;9;1;534;41
51;9;33774;A;9;1;511204;40
51;9;34976;A;9;1;7200;31
51;9;34730;A;9;1;2906;28
51;9;33428;A;9;1;510616;23
51;9;34793;A;9;1;10494;24
51;9;34666;A;9;1;9372;27
51;9;34513;A;9;1;484;27
51;9;34959;A;9;1;513135;31
51;9;33358;A;9;1;6966;23
51;9;34433;A;9;1;3586;26
51;9;34313;A;9;1;512057;39
51;9;34206;A;9;1;1784;22
51;9;34733;A;9;1;2912;28
51;9;34980;A;9;1;9594;31
51;9;34780;A;9;1;6900;24
51;9;34249;A;9;1;474;35
51;9;34182;A;9;1;3020;35
51;9;33141;A;9;1;7022;23
51;9;34686;A;9;1;4526;21
51;9;34073;A;9;1;5380;18
51;9;33941;A;9;1;1638;30
51;9;33030;A;9;1;10104;20
51;9;33670;A;9;1;3820;40
51;9;34342;A;9;1;6130;39
51;9;34500;A;9;1;1718;27
51;9;35082;A;9;1;3772;31
51;9;33355;A;9;1;6252;23
51;9;33188;A;9;1;5064;23
51;9;35055;A;9;1;6662;32
51;9;34835;A;9;1;512925;33
51;9;33475;A;9;1;520267;39
51;9;34114;A;9;1;511716;38
51;9;33162;A;9;1;510150;23
51;9;33050;A;9;1;509956;20
51;9;33515;A;9;1;510765;40
51;9;33598;A;9;1;7216;40
51;9;34410;A;9;1;4594;26
51;9;32950;A;9;1;426;20
51;9;33133;A;9;1;510103;23
51;9;34572;A;9;1;8788;27
51;9;35094;A;9;1;3794;32
51;9;33153;A;9;1;10442;23
51;9;33797;A;9;1;10642;40
51;9;33810;A;9;1;520271;33
51;9;34932;A;9;1;8202;31
51;9;35117;A;9;1;5356;32
51;9;33544;A;9;1;520233;21
51;9;34093;A;9;1;511677;38
51;9;33042;A;9;1;9970;20
51;9;33669;A;9;1;4046;40
51;9;34801;A;9;1;512873;33
51;9;34897;A;9;1;6558;32
51;9;34871;A;9;1;7850;33
51;9;34611;A;9;1;8196;31
51;9;33140;A;9;1;10128;23
51;9;34905;A;9;1;513041;33
51;9;34374;A;9;1;512164;39
51;9;33711;A;9;1;511091;40
51;9;33512;A;9;1;2348;40
51;9;34786;A;9;1;512842;24
51;9;33793;A;9;1;511229;40
51;9;33179;A;9;1;510187;39
51;9;34224;A;9;1;4122;27
51;9;34526;A;9;1;4550;31
51;9;33276;A;9;1;510344;23
51;9;34102;A;9;1;7496;35
51;9;35043;A;9;1;4092;31
51;9;34678;A;9;1;9476;21
51;9;34451;A;9;1;3542;26
51;9;32989;A;9;1;509849;20
51;9;32879;A;9;1;509663;19
51;9;34331;A;9;2;512038;39
51;9;34541;A;9;1;512419;27
51;9;33357;A;9;1;8398;23
51;9;33301;A;9;1;9352;23
51;9;33723;A;9;1;8594;40
51;9;34018;A;9;1;6710;41
51;9;33661;A;9;1;1948;40
51;9;33764;A;9;1;7932;40
51;9;34211;A;9;1;10052;22
51;9;32902;A;9;1;509700;19
51;9;33369;A;9;1;510493;23
51;9;34366;A;9;1;4670;39
51;9;34058;A;9;1;7818;41
51;9;33323;A;9;1;5696;23
51;9;33844;A;9;1;9210;40
51;9;34497;A;9;1;3842;16
51;9;33134;A;9;1;790;23
51;9;33376;A;9;1;510508;23
51;9;34896;A;9;1;5120;33
51;9;34599;A;9;1;932;27
51;9;34569;A;9;1;512469;27
51;9;33018;A;9;1;9552;20
51;9;33313;A;9;1;5980;23
51;9;34917;A;9;1;4364;34
51;9;35058;A;9;1;2522;31
51;9;34737;A;9;1;7958;28
51;9;35073;A;9;1;10520;31
51;9;34719;A;9;1;512719;36
51;9;33612;A;9;1;520239;22
51;9;33444;A;9;1;4196;23
51;9;33959;A;9;1;10958;41
51;9;34001;A;9;1;6834;41
51;9;34839;A;9;1;9938;33
51;9;34942;A;9;1;513110;31
51;9;33220;A;9;1;510246;23
51;9;34043;A;9;1;6684;41
51;9;34688;A;9;1;5176;21
51;9;34165;A;9;1;734;38
51;9;32938;A;9;1;509760;20
51;9;33324;A;9;1;6478;23
51;9;34584;A;9;1;5750;27
51;9;34772;A;9;1;7708;24
51;9;32865;A;9;1;1098;19
51;9;33088;A;9;1;7038;23
51;9;34821;A;9;1;872;31
51;9;34316;A;9;1;4636;39
51;9;34202;A;9;1;3408;22
51;9;33996;A;9;1;5960;41
51;9;34999;A;9;1;513193;31
51;9;34535;A;9;1;2256;27
51;9;32779;A;9;1;8912;38
51;9;34699;A;9;1;7426;21
51;9;34815;A;9;1;2760;32
51;9;33886;A;9;1;511384;40
51;9;34621;A;9;1;512557;31
51;9;34271;A;9;1;511987;35
51;9;33144;A;9;1;4920;23
51;9;34185;A;9;1;511837;35
51;9;32832;A;9;1;509590;19
51;9;33057;A;9;1;4238;20
51;9;32794;A;9;1;3754;30
51;9;33871;A;9;1;4744;40
51;9;35022;A;9;1;6480;31
51;9;34032;A;9;1;10240;41
51;9;33189;A;9;1;8382;23
51;9;34250;A;9;1;511948;35
51;9;33483;A;9;1;520211;39
51;9;34787;A;9;1;7702;24
51;9;34991;A;9;1;513179;31
51;9;34869;A;9;1;6134;33
51;9;33383;A;9;1;2440;23
51;9;32999;A;9;1;7410;20
51;9;34122;A;9;1;5924;38
51;9;35085;A;9;1;513323;31
51;9;34543;A;9;1;1712;27
51;9;34444;A;9;1;3376;26
51;9;35078;A;9;1;6056;31
51;9;34596;A;9;1;4454;27
51;9;32822;A;9;1;509568;19
51;9;35070;A;9;1;9596;31
51;9;34110;A;9;1;511708;38
51;9;32991;A;9;1;7412;20
51;9;34255;A;9;1;7950;35
51;9;33386;A;9;1;1024;23
51;9;33268;A;9;1;6964;23
51;9;34517;A;9;1;5034;27
51;9;33514;A;9;1;520193;33
51;9;34381;A;9;1;2474;39
51;9;34273;A;9;1;6374;35
51;9;33685;A;9;1;856;33
51;9;33560;A;9;1;2508;40
51;9;33378;A;9;1;5054;23
51;9;33040;A;9;1;3436;20
51;9;34502;A;9;1;512352;27
51;9;33716;A;9;1;7778;40
51;9;34214;A;9;1;511888;22
51;9;34162;A;9;1;9692;38
51;9;33587;A;9;1;1944;40
51;9;34326;A;9;1;512080;39
51;9;34013;A;9;1;6708;41
51;9;32933;A;9;1;3988;40
51;9;34392;A;9;1;4598;26
51;9;35103;A;9;1;4396;32
51;9;34367;A;9;1;4624;39
51;9;33063;A;9;1;3186;20
51;9;33430;A;9;1;5056;23
51;9;33784;A;9;1;6392;40
51;9;34570;A;9;1;5612;27
51;9;33334;A;9;1;510436;23
51;9;34841;A;9;1;7598;31
51;9;34712;A;9;1;7826;21
51;9;33485;A;9;2;188;40
51;9;33704;A;9;1;4860;40
51;9;32786;A;9;1;1664;38
51;9;34212;A;9;1;511882;22
51;9;35111;A;9;1;513361;32
51;9;34878;A;9;1;512996;33
51;9;33843;A;9;1;5416;40
51;9;33727;A;9;1;6616;40
51;9;33362;A;9;1;510478;23
51;9;34308;A;9;1;512044;39
51;9;33923;A;9;1;4866;26
51;9;33610;A;9;1;510924;40
51;9;34259;A;9;1;2932;35
51;9;33735;A;9;1;4272;40
51;9;33853;A;9;1;8286;40
51;9;34872;A;9;1;5094;33
51;9;34652;A;9;1;3768;27
51;9;34658;A;9;1;7084;27
51;9;34296;A;9;1;5824;35
51;9;34714;A;9;1;8444;33
51;9;33085;A;9;1;510007;23
51;9;32982;A;9;1;7404;20
51;9;33192;A;9;1;2064;23
51;9;34009;A;9;1;8804;41
51;9;34325;A;9;1;2706;39
51;9;32900;A;9;1;1134;38
51;9;33394;A;9;1;510544;23
51;9;34455;A;9;1;3516;26
51;9;34595;A;9;1;5838;27
51;9;32889;A;9;1;2822;19
51;9;33906;A;9;1;9240;25
51;9;34770;A;9;1;2426;24
51;9;32834;A;9;1;1504;19
51;9;33536;A;9;2;1918;40
51;9;33278;A;9;1;510348;23
51;9;34715;A;9;1;10028;21
51;9;34944;A;9;1;3114;31
51;9;33423;A;9;1;510605;23
51;9;33568;A;9;1;520205;33
51;9;33876;A;9;1;10660;40
51;9;34098;A;9;1;511688;38
51;9;33438;A;9;1;5982;23
51;9;33955;A;9;1;511475;41
51;9;32836;A;9;1;10896;19
51;9;34921;A;9;1;10272;32
51;9;33952;A;9;1;576;41
51;9;35007;A;9;1;3776;31
51;9;34413;A;9;1;4970;26
51;9;34629;A;9;1;512571;31
51;9;32790;A;9;1;9962;30
51;9;33181;A;9;1;5970;23
51;9;33146;A;9;1;6264;23
51;9;33412;A;9;1;510580;23
51;9;35110;A;9;1;9180;32
51;9;33926;A;9;1;9642;30
51;9;33505;A;9;1;520277;21
51;9;34011;A;9;1;6330;41
51;9;34121;A;9;1;511727;38
51;9;33216;A;9;1;510240;23
51;9;34030;A;9;1;6712;41
51;9;34236;A;9;1;511924;35
51;9;33745;A;9;1;7816;40
51;9;33772;A;9;1;5828;40
51;9;34207;A;9;1;10328;22
51;9;33007;A;9;1;509877;20
51;9;33706;A;9;1;5262;40
51;9;34191;A;9;1;10058;36
51;9;33624;A;9;1;7898;40
51;9;33239;A;9;1;9506;23
51;9;34422;A;9;1;3850;26
51;9;33778;A;9;1;6602;40
51;9;33044;A;9;1;7400;20
51;9;33859;A;9;1;520301;21
51;9;32966;A;9;1;7492;20
51;9;32782;A;9;1;234;29
51;9;34834;A;9;1;2518;31
51;9;33765;A;9;1;520241;33
51;9;32986;A;9;1;9018;20
51;9;35076;A;9;1;4098;31
51;9;34914;A;9;1;8308;33
51;9;33545;A;9;1;1950;40
51;9;33274;A;9;1;510340;39
51;9;33320;A;9;1;6746;23
51;9;33257;A;9;1;5126;23
51;9;35013;A;9;1;4694;32
51;9;33570;A;9;1;5412;39
51;9;34785;A;9;1;2428;24
51;9;35056;A;9;1;3600;31
51;9;33907;A;9;1;511415;30
51;9;34902;A;9;1;513036;33
51;9;33908;A;9;1;9956;30
51;9;34965;A;9;1;9864;31
51;9;34028;A;9;1;3280;41
51;9;34232;A;9;1;5740;35
51;9;33520;A;9;1;510772;40
51;9;34334;A;9;1;4626;39
51;9;33989;A;9;1;3314;41
51;9;34836;A;9;1;10650;33
51;9;33310;A;9;1;6924;24
51;9;34974;A;9;1;7198;31
51;9;34377;A;9;1;512173;39
51;9;32830;A;9;1;509586;19
51;9;33606;A;9;1;510916;40
51;9;34175;A;9;1;7764;38
51;9;33939;A;9;1;1894;38
51;9;34217;A;9;1;2578;22
51;9;33900;A;9;1;3036;18
51;9;33824;A;9;1;520251;33
51;9;34005;A;9;1;3274;41
51;9;34348;A;9;1;512116;39
51;9;33229;A;9;1;9096;23
51;9;33457;A;9;1;510661;39
51;9;33637;A;9;1;8592;40
51;9;34460;A;9;1;520327;31
51;9;33777;A;9;1;6414;40
51;9;34027;A;9;1;3278;41
51;9;33210;A;9;1;6750;23
51;9;34888;A;9;1;5122;33
51;9;33738;A;9;1;511136;21
51;9;34188;A;9;1;1020;38
51;9;34882;A;9;1;5086;33
51;9;33949;A;9;1;8814;41
51;9;33432;A;9;1;4200;23
51;9;33204;A;9;1;1770;23
51;9;33754;A;9;1;10604;40
51;9;33297;A;9;1;7824;23
51;9;34022;A;9;1;3270;41
51;9;33508;A;9;1;510754;40
51;9;33094;A;9;1;340;39
51;9;34947;A;9;1;3578;31
51;9;34128;A;9;1;7138;38
51;9;32931;A;9;1;2688;40
51;9;32895;A;9;1;1140;19
51;9;35090;A;9;1;4322;31
51;9;33032;A;9;1;8878;20
51;9;34529;A;9;1;4456;27
51;9;33918;A;9;1;1892;30
51;9;34857;A;9;1;1434;33
51;9;33653;A;9;1;2484;40
51;9;34853;A;9;1;7190;32
51;9;34426;A;9;1;520315;31
51;9;34105;A;9;1;2956;27
51;9;33121;A;9;1;510083;23
51;9;32823;A;9;1;509571;19
51;9;33119;A;9;1;6312;23
51;9;32862;A;9;1;2804;19
51;9;34532;A;9;1;4112;27
51;9;33776;A;9;1;6298;33
51;9;34632;A;9;1;4528;27
51;9;33869;A;9;1;511359;40
51;9;34091;A;9;1;3002;38
51;9;32856;A;9;1;509628;19
51;9;34706;A;9;1;8620;21
51;9;33691;A;9;1;511055;40
51;9;34509;A;9;1;1634;27
51;9;33950;A;9;1;10820;41
51;9;32784;A;9;1;10354;19
51;9;34407;A;9;1;3546;26
51;9;34015;A;9;1;7564;41
51;9;34573;A;9;1;7288;27
51;9;32920;A;9;1;1122;19
51;9;33298;A;9;1;7176;23
51;9;34739;A;9;1;512745;28
51;9;33525;A;9;1;7650;33
51;9;33511;A;9;1;4426;40
51;9;34257;A;9;1;2874;35
51;9;33883;A;9;1;520209;33
51;9;33247;A;9;1;8406;23
51;9;33588;A;9;1;1204;40
51;9;33136;A;9;1;4922;23
51;9;34180;A;9;1;511828;36
51;9;34855;A;9;1;512957;33
51;9;34292;A;9;1;512022;27
51;9;33072;A;9;1;4506;20
51;9;33964;A;9;1;511494;41
51;9;33092;A;9;1;510022;39
51;9;35030;A;9;1;6436;31
51;9;34403;A;9;1;700;26
51;9;32821;A;9;1;1350;41
51;9;33497;A;9;1;510729;40
51;9;32829;A;9;1;509583;19
51;9;34205;A;9;1;511871;22
51;9;33751;A;9;1;1810;22
51;9;32780;A;9;1;509486;19
51;9;33381;A;9;1;510517;23
51;9;34386;A;9;1;5518;39
51;9;34912;A;9;1;4398;33
51;9;34803;A;9;1;8446;32
51;9;34268;A;9;1;2260;35
51;9;34807;A;9;1;5734;33
51;9;34615;A;9;1;5728;27
51;9;33372;A;9;1;10332;23
51;9;34693;A;9;1;5776;21
51;9;34559;A;9;1;3094;27
51;9;33410;A;9;1;6778;23
51;9;35065;A;9;1;8606;31
51;9;34972;A;9;1;466;31
51;9;34351;A;9;1;7750;39
51;9;33702;A;9;1;511076;40
51;9;32883;A;9;1;8870;19
51;9;34337;A;9;1;4634;39
51;9;33770;A;9;1;4948;40
51;9;34900;A;9;1;8666;32
51;9;32922;A;9;1;509730;19
51;9;34540;A;9;1;7128;27
51;9;34984;A;9;1;5286;31
51;9;33648;A;9;1;5206;40
51;9;33425;A;9;1;510609;23
51;9;33309;A;9;1;9236;23
51;9;34790;A;9;1;512850;24
51;9;33916;A;9;1;1686;18
51;9;34555;A;9;1;10142;27
51;9;34144;A;9;1;511768;27
51;9;34656;A;9;1;512626;27
51;9;33289;A;9;1;7828;23
51;9;33213;A;9;1;2382;23
51;9;35047;A;9;1;2524;31
51;9;34589;A;9;1;10638;27
51;9;34029;A;9;1;6820;41
51;9;34837;A;9;1;4260;33
51;9;33480;A;9;1;510698;40
51;9;34511;A;9;1;4876;25
51;9;34935;A;9;1;3782;31
51;9;34583;A;9;1;10400;27
51;9;34504;A;9;1;4830;27
51;9;34075;A;9;1;511647;18
51;9;34818;A;9;1;876;31
51;9;34722;A;9;1;658;37
51;9;34566;A;9;1;5450;27
51;9;33203;A;9;1;510219;23
51;9;34124;A;9;1;972;38
51;9;35087;A;9;1;9588;31
51;9;33256;A;9;1;510308;39
51;9;34240;A;9;1;478;28
51;9;32968;A;9;1;509812;20
51;9;33325;A;9;1;6968;23
51;9;34427;A;9;1;520353;31
51;9;34484;A;9;1;512328;31
51;9;33349;A;9;1;510457;23
51;9;33755;A;9;1;5780;40
51;9;33249;A;9;1;8390;23
51;9;34311;A;9;1;512053;39
51;9;33611;A;9;1;520227;21
51;9;34368;A;9;1;6952;39
51;9;33046;A;9;1;7792;20
51;9;33011;A;9;1;4224;20
51;9;33788;A;9;1;4740;40
51;9;34281;A;9;1;7936;35
51;9;35004;A;9;1;3532;31
51;9;35122;A;9;1;10738;32
51;9;33951;A;9;2;2300;41
51;9;33433;A;9;1;9048;23
51;9;33436;A;9;1;5048;23
51;9;34152;A;9;1;511784;38
51;9;34983;A;9;1;9626;31
51;9;33143;A;9;1;6394;23
51;9;34848;A;9;1;4404;32
51;9;33054;A;9;1;7408;20
51;9;33789;A;9;1;4796;40
51;9;34593;A;9;1;6110;27
51;9;35108;A;9;1;5354;32
51;9;34628;A;9;1;7250;28
51;9;34008;A;9;1;9462;41
51;9;34889;A;9;1;4262;32
51;9;33090;A;9;1;2584;40
51;9;33644;A;9;1;4888;40
51;9;34126;A;9;1;7114;38
51;9;34695;A;9;1;9756;21
51;9;33895;A;9;1;6600;40
51;9;33352;A;9;1;5942;23
51;9;34680;A;9;1;4070;21
51;9;34788;A;9;1;9310;24
51;9;33437;A;9;1;510629;23
51;9;34398;A;9;1;4972;26
51;9;34438;A;9;1;9684;26
51;9;33981;A;9;1;511527;41
51;9;34299;A;9;1;2894;27
51;9;35067;A;9;1;513293;31
51;9;33077;A;9;1;7676;20
51;9;34866;A;9;1;7848;32
51;9;33302;A;9;1;4170;23
51;9;33131;A;9;1;8396;23
51;9;35040;A;9;1;6052;31
51;9;33093;A;9;1;2470;23
51;9;32906;A;9;1;1508;19
51;9;33795;A;9;1;10412;40
51;9;34634;A;9;1;7126;27
51;9;33766;A;9;1;511188;40
51;9;33411;A;9;1;758;23
51;9;34430;A;9;1;3852;26
51;9;34339;A;9;1;348;39
51;9;35044;A;9;1;7096;31
51;9;34588;A;9;1;4334;27
51;9;33380;A;9;1;2458;23
51;9;34683;A;9;1;512671;21
51;9;34076;A;9;1;5804;18
51;9;32955;A;9;1;2282;18
51;9;33850;A;9;1;8188;40
51;9;34267;A;9;1;8294;35
51;9;33138;A;9;1;510110;23
51;9;33836;A;9;1;4762;40
51;9;33426;A;9;1;4994;23
51;9;34246;A;9;1;2940;35
51;9;34561;A;9;1;512449;27
51;9;33132;A;9;1;9328;39
51;9;34493;A;9;1;1380;17
51;9;33212;A;9;1;5888;23
51;9;33649;A;9;1;4884;40
51;9;34346;A;9;1;8552;39
51;9;32842;A;9;1;509604;19
51;9;33034;A;9;1;7636;20
51;9;35124;A;9;1;8218;32
51;9;35125;A;9;1;2222;32
51;9;33173;A;9;1;8492;23
51;9;33603;A;9;1;520309;39
51;9;34176;A;9;1;511820;38
51;9;33130;A;9;1;10732;23
51;9;34977;A;9;1;9852;31
51;9;33082;A;9;1;510002;39
51;9;33319;A;9;1;5986;23
51;9;34390;A;9;1;2628;26
51;9;33564;A;9;1;520287;39
51;9;34883;A;9;1;7530;33
51;9;34911;A;9;1;8316;33
51;9;33639;A;9;1;10734;40
51;9;34106;A;9;1;511700;38
51;9;33391;A;9;1;9056;23
51;9;32796;A;9;1;3750;30
51;9;35026;A;9;1;6486;31
51;9;33504;A;9;1;7998;40
51;9;32870;A;9;1;8324;19
51;9;33559;A;9;1;4780;40
51;9;34320;A;9;1;512070;39
51;9;33388;A;9;1;6926;23
51;9;33554;A;9;1;510830;40
51;9;32838;A;9;1;8810;19
51;9;34461;A;9;1;3544;26
51;9;32831;A;9;1;2274;19
51;9;33055;A;9;1;509965;20
51;9;33618;A;9;1;520293;26
51;9;34042;A;9;1;5758;41
51;9;32815;A;9;1;509551;19
51;9;33613;A;9;1;4720;40
51;9;33015;A;9;2;4234;20
51;9;34234;A;9;1;511920;35
51;9;34791;A;9;1;9454;24
51;9;34898;A;9;1;5080;33
51;9;32893;A;9;1;6632;19
51;9;33306;A;9;1;510394;23
51;9;34087;A;9;1;8250;38
51;9;33307;A;9;1;9382;39
51;9;33025;A;9;1;509911;20
51;9;34709;A;9;1;4074;21
51;9;33753;A;9;1;1930;40
51;9;33490;A;9;1;520243;16
51;9;33688;A;9;1;3480;40
51;9;32987;A;9;1;8506;20
51;9;34701;A;9;1;10034;21
51;9;33230;A;9;1;7356;23
51;9;34549;A;9;1;9168;27
51;9;33638;A;9;1;520231;22
51;9;33194;A;9;1;5548;23
51;9;34938;A;9;1;513100;31
51;9;32872;A;9;1;10300;19
51;9;33348;A;9;1;4998;23
51;9;34452;A;9;1;520337;31
51;9;34302;A;9;1;512034;35
51;9;32840;A;9;1;1070;19
51;9;34876;A;9;1;3972;33
51;9;34625;A;9;1;5012;27
51;9;33558;A;9;1;8778;40
51;9;32795;A;9;1;509511;38
51;9;33190;A;9;1;768;23
51;9;33791;A;9;1;4284;40
51;9;34243;A;9;1;511935;35
51;9;34354;A;9;1;510364;39
51;9;32869;A;9;1;509647;19
51;9;33123;A;9;1;9790;39
51;9;33535;A;9;1;5038;40
51;9;33291;A;9;1;4172;23
51;9;33781;A;9;1;520223;21
51;9;34453;A;9;1;9424;26
51;9;34603;A;9;1;5618;27
51;9;34266;A;9;1;2880;35
51;9;33367;A;9;1;510487;23
51;9;34288;A;9;1;470;28
51;9;32901;A;9;1;509697;19
51;9;32944;A;9;1;8014;20
51;9;33967;A;9;1;10960;41
51;9;35114;A;9;1;2220;32
51;9;34687;A;9;1;9010;21
51;9;34812;A;9;2;1462;32
51;9;34097;A;9;2;238;38
51;9;34275;A;9;1;962;35
51;9;33492;A;9;1;4654;40
51;9;33875;A;9;1;511369;40
51;9;34389;A;9;1;2024;16
51;9;35130;A;9;1;4270;32
51;9;34993;A;9;1;1584;31
51;9;33928;A;9;1;4868;26
51;9;33124;A;9;1;812;23
51;9;33548;A;9;1;520285;33
51;9;33862;A;9;1;7568;40
51;9;33339;A;9;1;510443;23
51;9;32851;A;9;1;1502;19
51;9;34556;A;9;1;5470;27
51;9;33221;A;9;1;7050;23
51;9;33292;A;9;1;510370;23
51;9;33589;A;9;1;8148;40
51;9;34602;A;9;1;6584;27
51;9;34948;A;9;1;513122;31
51;9;33024;A;9;1;509908;20
51;9;33241;A;9;1;6792;23
51;9;34874;A;9;1;5090;33
51;9;33004;A;9;1;2126;20
51;9;34039;A;9;1;8874;41
51;9;34153;A;9;1;5364;38
51;9;33623;A;9;1;510945;21
51;9;33948;A;9;1;1330;41
51;9;34995;A;9;1;3032;31
51;9;32816;A;9;1;509554;19
51;9;34636;A;9;1;3874;27
51;9;34946;A;9;1;3556;31
51;9;32887;A;9;1;7640;19
51;9;34092;A;9;1;5572;38
51;9;35033;A;9;1;7594;31
51;9;33106;A;9;1;510052;23
51;9;34434;A;9;1;4418;17
51;9;34400;A;9;2;202;26
51;9;33956;A;9;1;511478;41
51;9;33150;A;9;1;5512;23
51;9;34004;A;9;1;10812;41
51;9;33172;A;9;1;7416;23
51;9;33283;A;9;1;9102;23
51;9;32907;A;9;1;509709;19
51;9;33812;A;9;1;4764;40
51;9;33127;A;9;1;2060;23
51;9;33973;A;9;1;511511;41
51;9;33451;A;9;1;8882;33
51;9;33672;A;9;1;520247;33
51;9;34864;A;9;1;7852;33
51;9;35113;A;9;1;2768;32
51;9;34235;A;9;1;2934;35
51;9;33590;A;9;1;2604;40
51;9;33408;A;9;1;9234;23
51;9;33187;A;9;1;6070;23
51;9;33909;A;9;1;10752;25
51;9;34276;A;9;1;6226;35
51;9;33710;A;9;1;10138;40
51;9;34594;A;9;1;2534;27
51;9;33991;A;9;1;10922;41
51;9;32954;A;9;1;2130;20
51;9;33340;A;9;1;9086;23
51;9;33533;A;9;1;9904;40
51;9;33427;A;9;1;510613;23
51;9;34908;A;9;1;10008;33
51;9;34843;A;9;1;512939;33
51;9;33905;A;9;1;5072;30
51;9;32898;A;9;1;2800;41
51;9;34649;A;9;1;4340;27
51;9;34429;A;9;1;4542;26
51;9;34130;A;9;1;4592;35
51;9;34309;A;9;1;512047;39
51;9;33594;A;9;1;8456;39
51;9;33404;A;9;1;9330;39
51;9;32809;A;9;1;4820;19
51;9;33759;A;9;1;7780;40
51;9;33636;A;9;1;520237;21
51;9;34512;A;9;1;512370;27
51;9;33463;A;9;1;520299;22
51;9;34146;A;9;1;9064;38
51;9;33847;A;9;1;1960;40
51;9;34576;A;9;1;2898;28
51;9;33065;A;9;1;7494;20
51;9;34373;A;9;1;6590;39
51;9;33029;A;9;1;509921;20
51;9;33014;A;9;1;6446;20
51;9;33110;A;9;2;736;23
51;9;33913;A;9;1;3760;30
51;9;32929;A;9;1;10996;20
51;9;34040;A;9;1;6838;41
51;9;34241;A;9;1;2550;35
51;9;34547;A;9;1;1732;27
51;9;33361;A;9;1;510475;23
51;9;34568;A;9;1;910;31
51;9;34765;A;9;1;512797;24
51;9;34903;A;9;1;7618;33
51;9;35105;A;9;1;1446;32
51;9;35012;A;9;1;3564;31
51;9;34385;A;9;1;512187;39
51;9;34471;A;9;1;520339;31
51;9;33619;A;9;1;520263;33
51;9;33374;A;9;1;6474;23
51;9;35006;A;9;1;6520;31
51;9;33206;A;9;1;510224;23
51;9;34221;A;9;2;2542;35
51;9;32880;A;9;1;509666;41
51;9;34893;A;9;1;3976;33
51;9;34450;A;9;1;10192;26
51;9;34404;A;9;1;1430;26
51;9;33775;A;9;1;6288;40
51;9;33285;A;9;1;510359;23
51;9;34858;A;9;1;4360;33
51;9;33494;A;9;1;450;40
51;9;35002;A;9;1;6358;31
51;9;34417;A;9;1;512235;17
51;9;34891;A;9;1;6576;32
51;9;33491;A;9;1;510719;40
51;9;33196;A;9;1;4190;23
51;9;35129;A;9;1;3398;32
51;9;33047;A;9;1;9968;20
51;9;33215;A;9;1;7052;23
51;9;32826;A;9;1;1362;18
51;9;33022;A;9;1;5768;20
51;9;35106;A;9;1;1452;32
51;9;33969;A;9;1;511505;41
51;9;33841;A;9;1;511319;40
51;9;32919;A;9;1;6638;19
51;9;33542;A;9;1;510808;40
51;9;34609;A;9;1;8046;27
51;9;33599;A;9;1;9558;40
51;9;34990;A;9;1;3986;31
51;9;33354;A;9;1;5946;23
51;9;33835;A;9;1;520295;39
51;9;33342;A;9;1;8880;23
51;9;34251;A;9;1;2930;35
51;9;32995;A;9;1;10368;20
51;9;33293;A;9;1;9522;23
51;9;34877;A;9;1;8442;32
51;9;33500;A;9;1;510736;40
51;9;33175;A;9;1;7366;23
51;9;34031;A;9;1;530;41
51;9;33421;A;9;1;6624;23
51;9;34646;A;9;1;512604;27
51;9;33477;A;9;1;4930;40
51;9;35131;A;9;1;8494;32
51;9;33940;A;9;1;4864;26
51;9;33037;A;9;1;10090;20
51;9;34822;A;9;1;512904;33
51;9;33798;A;9;1;7392;40
51;9;33392;A;9;1;510538;23
51;9;32793;A;9;1;3254;19
51;9;34317;A;9;1;4674;39
51;9;33958;A;9;1;6276;41
51;9;33682;A;9;1;511040;40
51;9;32787;A;9;1;10394;38
51;9;33657;A;9;1;520203;39
51;9;34183;A;9;1;3008;38
51;9;34597;A;9;1;4458;27
51;9;35092;A;9;1;9634;32
51;9;34462;A;9;1;520321;31
51;9;34620;A;9;1;6482;31
51;9;34016;A;9;1;8750;41
51;9;33233;A;9;1;10210;23
51;9;32828;A;9;1;509580;19
51;9;33048;A;9;1;3198;20
51;9;33647;A;9;1;2026;40
51;9;33630;A;9;1;520253;33
51;9;34350;A;9;1;512120;39
51;9;34696;A;9;1;5166;21
51;9;32934;A;9;1;7490;20
51;9;33861;A;9;1;9122;40
51;9;34140;A;9;1;4800;38
51;9;34020;A;9;1;7562;41
51;9;33808;A;9;1;511256;40
51;9;32915;A;9;1;509719;19
51;9;34378;A;9;1;512176;39
51;9;33074;A;9;1;6840;20
51;9;34322;A;9;1;512074;39
51;9;33641;A;9;1;3474;40
51;9;33687;A;9;1;520273;39
51;9;33195;A;9;1;3900;23
51;9;34997;A;9;1;3562;31
51;9;34792;A;9;1;512854;24
51;9;34437;A;9;1;9272;26
51;9;34865;A;9;1;2516;31
51;9;34879;A;9;1;3950;33
51;9;34619;A;9;1;1874;27
51;9;34677;A;9;1;512661;21
51;9;33420;A;9;1;8470;39
51;9;34059;A;9;1;528;41
51;9;35069;A;9;1;4100;31
51;9;34673;A;9;1;512649;21
51;9;33076;A;9;1;4508;20
51;9;34228;A;9;1;6382;35
51;9;34411;A;9;1;10190;26
51;9;34763;A;9;1;512793;24
51;9;35083;A;9;1;6432;31
51;9;32942;A;9;1;4926;40
51;9;32892;A;9;1;509686;19
51;9;34960;A;9;1;3606;31
51;9;33333;A;9;1;7730;23
51;9;34506;A;9;1;1766;25
51;9;34582;A;9;1;9948;27
51;9;34171;A;9;1;5812;38
51;9;33111;A;9;1;2090;23
51;9;33602;A;9;1;3806;40
51;9;34731;A;9;1;4846;28
51;9;34112;A;9;1;511712;38
51;9;33574;A;9;1;2266;33
51;9;32917;A;9;1;509723;19
51;9;34955;A;9;1;4684;31
51;9;33904;A;9;1;1696;30
51;9;33112;A;9;1;510066;23
51;9;34156;A;9;1;4812;36
51;9;34591;A;9;1;3108;27
51;9;34199;A;9;1;2560;22
51;9;33350;A;9;1;6962;23
51;9;33193;A;9;1;9544;23
51;9;34694;A;9;1;8440;33
51;9;33353;A;9;1;8366;23
51;9;34270;A;9;1;5432;35
51;9;32961;A;9;1;509801;23
51;9;33464;A;9;1;520185;26
51;9;35115;A;9;1;7692;32
51;9;34757;A;9;1;512779;24
51;9;34449;A;9;1;512281;26
51;9;34753;A;9;2;512769;24
51;9;33409;A;9;1;7178;23
51;9;33911;A;9;1;7270;30
51;9;33698;A;9;1;511068;40
51;9;33829;A;9;1;520219;39
51;9;32993;A;9;1;509855;20
51;9;34978;A;9;1;1572;31
51;9;34365;A;9;1;6784;39
51;9;33157;A;9;1;2456;23
51;9;33059;A;9;1;10548;20
51;9;33660;A;9;1;511002;40
51;9;33250;A;9;1;5984;23
51;9;34293;A;9;1;2860;35
51;9;33318;A;9;1;10576;23
51;9;35066;A;9;1;513290;31
51;9;34941;A;9;1;513107;31
51;9;34754;A;9;1;744;24
51;9;33827;A;9;1;4280;40
51;9;34552;A;9;1;4102;27
51;9;34095;A;9;1;1158;38
51;9;34230;A;9;1;8856;35
51;9;33183;A;9;1;510195;23
51;9;34024;A;9;1;1286;41
51;9;35014;A;9;1;4312;31
51;9;33563;A;9;1;2500;40
51;9;33679;A;9;1;511035;40
51;9;35081;A;9;1;3602;31
51;9;33741;A;9;1;520225;22
51;9;33148;A;9;1;9682;39
51;9;34264;A;9;1;2962;27
51;9;33565;A;9;1;4722;40
51;9;33439;A;9;1;6796;23
51;9;33366;A;9;1;9672;23
51;9;34985;A;9;1;1576;31
51;9;34850;A;9;1;2520;31
51;9;34842;A;9;1;5850;32
51;9;33694;A;9;1;511060;40
51;9;35071;A;9;1;6054;31
51;9;33419;A;9;1;5220;23
51;9;34664;A;9;1;4338;27
51;9;34830;A;9;1;7596;31
51;9;34405;A;9;1;8096;26
51;9;33538;A;9;2;510798;40
51;9;34607;A;9;1;512533;27
51;9;34901;A;9;1;5288;31
51;9;33060;A;9;1;8876;20
51;9;33417;A;9;1;510593;23
51;9;34789;A;9;1;512847;24
51;9;33360;A;9;1;510472;23
51;9;34952;A;9;1;4696;31
51;9;34014;A;9;1;511572;41
51;9;35096;A;9;1;6528;31
51;9;33406;A;9;1;7172;23
51;9;33818;A;9;1;8038;40
51;9;34845;A;9;1;3384;33
51;9;33524;A;9;1;6390;40
51;9;33888;A;9;1;7720;40
51;9;33581;A;9;1;520229;33
51;9;33496;A;9;1;520275;26
51;9;34372;A;9;1;512160;39
51;9;33771;A;9;1;4836;40
51;9;33757;A;9;1;364296;40
51;9;32978;A;9;1;400;20
51;9;34294;A;9;1;2916;27
51;9;33997;A;9;1;3312;41
51;9;35023;A;9;1;7622;31
51;9;34622;A;9;1;512560;27
51;9;34571;A;9;1;4326;31
51;9;33632;A;9;1;2738;40
51;9;34359;A;9;1;512139;39
51;9;33510;A;9;1;8152;40
51;9;34181;A;9;1;1164;38
51;9;33244;A;9;1;510286;23
51;9;33927;A;9;1;3354;30
51;9;34239;A;9;1;7346;35
51;9;34222;A;9;1;2964;27
51;9;34053;A;9;1;2228;41
51;9;33626;A;9;1;3494;40
51;9;32977;A;9;1;509827;20
51;9;33271;A;9;1;2374;23
51;9;33338;A;9;1;9486;23
51;9;33673;A;9;1;511025;40
51;9;33442;A;9;1;9058;23
51;9;34482;A;9;1;520351;31
51;9;34415;A;9;1;4978;26
51;9;33159;A;9;1;510145;23
51;9;33486;A;9;1;5310;40
51;9;33507;A;9;1;520207;26
51;9;34641;A;9;1;7928;27
51;9;33280;A;9;1;10568;23
51;9;34804;A;9;1;5732;32
51;9;34408;A;9;1;520347;31
51;9;34627;A;9;1;7248;27
51;9;33935;A;9;1;368127;30
51;9;34081;A;9;1;2996;38
51;9;34187;A;9;1;7768;38
51;9;33459;A;9;1;9148;39
51;9;33577;A;9;1;5204;40
51;9;33562;A;9;1;4366;40
51;9;33863;A;9;1;511351;40
51;9;33615;A;9;1;2754;33
51;9;34363;A;9;1;4644;39
51;9;35126;A;9;1;513384;32
51;9;33036;A;9;1;8602;20
51;9;35089;A;9;1;3604;31
51;9;33223;A;9;1;4208;23
51;9;33838;A;9;1;511312;40
51;9;33416;A;9;1;510590;23
51;9;33925;A;9;1;10002;30
51;9;34050;A;9;1;5756;41
51;9;33407;A;9;1;510573;23
51;9;32819;A;9;1;3670;19
51;9;32960;A;9;1;2400;40
51;9;33987;A;9;1;9740;41
51;9;34287;A;9;1;10414;35
51;9;34863;A;9;1;3970;33
51;9;33830;A;9;1;511300;40
51;9;32846;A;9;1;2812;19
51;9;34862;A;9;1;7338;33
51;9;34847;A;9;1;512947;32
51;9;34794;A;9;1;4704;24
51;9;34669;A;9;1;2030;31
51;9;33109;A;9;1;510061;23
51;9;32891;A;9;1;1136;19
51;9;33700;A;9;1;2600;40
51;9;33454;A;9;1;520410;40
51;9;33385;A;9;1;4996;23
51;9;34409;A;9;1;3580;26
51;9;33580;A;9;1;2012;40
51;9;35128;A;9;1;3394;32
51;9;33038;A;9;1;410;20
51;9;33070;A;9;1;318;23
51;9;34926;A;9;1;4548;31
51;9;34138;A;9;1;6562;27
51;9;33103;A;9;1;510043;23
51;9;35000;A;9;1;5680;31
51;9;33145;A;9;1;2454;23
51;9;32962;A;9;1;4498;20
51;9;33849;A;9;1;7884;40
51;9;34544;A;9;1;4622;27
51;9;33008;A;9;1;10542;20
51;9;33721;A;9;1;520289;33
51;9;34913;A;9;1;852;33
51;9;33052;A;9;1;320;23
51;9;33429;A;9;1;510619;23
51;9;34100;A;9;1;5930;38
51;9;34565;A;9;1;3086;27
51;9;33364;A;9;1;7758;39
51;9;34319;A;9;1;512067;39
51;9;34489;A;9;1;512335;17
51;9;33062;A;9;1;10538;20
51;9;34201;A;9;1;10124;22
51;9;34003;A;9;1;511557;41
51;9;34907;A;9;1;513045;33
51;9;34767;A;9;1;512801;24
51;9;34982;A;9;1;3118;31
51;9;35035;A;9;1;6462;31
51;9;34567;A;9;1;4554;31
51;9;35048;A;9;1;8910;31
51;9;33540;A;9;1;3500;40
51;9;34651;A;9;1;512613;27
51;9;34950;A;9;1;9622;31
51;9;32886;A;9;1;1126;19
51;9;34558;A;9;1;3876;27
51;9;35064;A;9;1;6336;31
51;9;33308;A;9;1;6430;39
51;9;33799;A;9;1;511239;40
51;9;35036;A;9;1;3788;31
51;9;34470;A;9;1;520317;31
51;9;33582;A;9;1;4788;40
51;9;33499;A;9;1;5270;40
51;9;34890;A;9;1;5118;33
51;9;34096;A;9;1;511684;37
51;9;33282;A;9;1;7726;23
51;9;33225;A;9;1;6970;23
51;9;34744;A;9;1;512758;28
51;9;33064;A;9;1;4218;20
51;9;34189;A;9;1;2846;35
51;9;32803;A;9;1;509525;19
51;9;33607;A;9;1;5070;40
51;9;33248;A;9;1;7352;23
51;9;33800;A;9;1;4840;40
51;9;34808;A;9;1;5230;33
51;9;33627;A;9;1;510953;40
51;9;34892;A;9;1;5096;33
51;9;33758;A;9;1;5686;40
51;9;34421;A;9;1;512243;26
51;9;33690;A;9;1;4422;40
51;9;33992;A;9;1;540;41
51;9;34867;A;9;1;7194;33
51;9;34291;A;9;1;2864;35
51;9;33517;A;9;1;5238;40
51;9;34133;A;9;1;4804;27
51;9;33012;A;9;1;386;20
51;9;33884;A;9;1;6658;40
51;9;33468;A;9;1;4850;16
51;9;33205;A;9;1;9398;23
51;9;32871;A;9;1;1146;38
51;9;32985;A;9;1;509843;20
51;9;33506;A;9;1;7870;40
51;9;35088;A;9;1;10694;31
51;9;35015;A;9;1;6530;31
51;9;34216;A;9;1;6956;22
51;9;32797;A;9;1;1648;38
51;9;34010;A;9;1;6696;41
51;9;34065;A;9;1;8160;18
51;9;33066;A;9;1;3196;20
51;9;33988;A;9;1;5954;41
51;9;33269;A;9;1;510331;23
51;9;34424;A;9;1;7422;26
51;9;34505;A;9;1;5280;25
51;9;32958;A;9;1;5404;20
51;9;34263;A;9;1;4534;27
51;9;34616;A;9;1;512548;27
51;9;34282;A;9;1;8844;35
51;9;33228;A;9;1;8670;23
51;9;33311;A;9;1;10942;23
51;9;33557;A;9;1;3492;40
51;9;34083;A;9;1;5876;37
51;9;34692;A;9;1;6104;21
51;9;34968;A;9;1;6348;31
51;9;35132;A;9;1;3392;32
51;9;33733;A;9;1;7772;40
51;9;33675;A;9;1;6184;40
51;9;34539;A;9;1;512415;27
51;9;34226;A;9;1;4124;35
51;9;32807;A;9;1;3660;19
51;9;34089;A;9;1;648;36
51;9;33467;A;9;1;520305;17
51;9;33108;A;9;1;510058;22
51;9;32997;A;9;1;509863;20
51;9;34150;A;9;1;511780;38
51;9;33219;A;9;1;6972;23
51;9;33767;A;9;1;520249;33
51;9;33281;A;9;1;6922;23
51;9;33200;A;9;1;8726;39
51;9;34530;A;9;1;7458;27
51;9;33471;A;9;1;496;16
51;9;34684;A;9;1;4072;21
51;9;34610;A;9;1;1620;27
51;9;34922;A;9;1;3798;32
51;9;34082;A;9;1;511658;38
51;9;33270;A;9;1;5564;23
51;9;34813;A;9;1;3178;32
51;9;34347;A;9;1;6786;39
51;9;33001;A;9;1;396;20
51;9;32885;A;9;1;2808;19
51;9;34120;A;9;1;9186;38
51;9;34766;A;9;1;738;24
51;9;34957;A;9;1;1574;31
51;9;34457;A;9;1;520341;31
51;9;33521;A;9;1;3802;40
51;9;33053;A;9;1;5410;20
51;9;32975;A;9;1;10250;20
51;9;34623;A;9;1;4858;27
51;9;34285;A;9;1;512007;27
51;9;33750;A;9;1;4276;40
51;9;34518;A;9;1;8884;27
51;9;33336;A;9;1;8970;39
51;9;34454;A;9;1;10194;26
51;9;33912;A;9;1;6018;30
51;9;33231;A;9;1;5544;23
51;9;34233;A;9;1;511917;35
51;9;33509;A;9;1;5188;40
51;9;33403;A;9;1;9320;23
51;9;34387;A;9;1;512193;39
51;9;32974;A;9;1;4214;20
51;9;34961;A;9;1;6426;31
51;9;32882;A;9;1;509670;19
51;9;34148;A;9;1;4770;37
51;9;34242;A;9;1;5472;27
51;9;33914;A;9;1;9418;30
51;9;34661;A;9;1;9370;27
51;9;34951;A;9;1;7202;31
51;9;33651;A;9;1;6654;40
51;9;34026;A;9;1;6714;41
51;9;34436;A;9;1;512266;31
51;9;33591;A;9;1;3810;40
51;9;35119;A;9;1;7592;32
51;9;32967;A;9;1;3428;20
51;9;33910;A;9;1;4144;30
51;9;33418;A;9;1;6768;23
51;9;33168;A;9;1;8668;23
51;9;34986;A;9;1;9126;31
51;9;32946;A;9;1;509778;23
51;9;33571;A;9;1;7892;40
51;9;33846;A;9;1;10382;40
51;9;33748;A;9;1;2588;40
51;9;33929;A;9;1;511441;30
51;9;34090;A;9;1;1662;38
51;9;33139;A;9;1;510113;39
51;9;34580;A;9;1;512490;27
51;9;35121;A;9;1;367807;32
51;9;34756;A;9;1;272;24
51;9;34910;A;9;1;513052;33
51;9;34113;A;9;1;642;36
51;9;33696;A;9;1;3926;40
51;9;34930;A;9;1;513084;31
51;9;33893;A;9;1;520213;33
51;9;34778;A;9;1;294;24
51;9;34738;A;9;1;2908;28
51;9;34057;A;9;1;511621;41
51;9;34445;A;9;1;1384;17
51;9;34355;A;9;1;4646;39
51;9;34521;A;9;1;4616;27
51;9;34208;A;9;1;8522;22
51;9;33802;A;9;1;4784;40
51;9;34799;A;9;1;512869;33
51;9;33469;A;9;1;2032;16
51;9;34707;A;9;1;7232;32
51;9;34515;A;9;1;512377;27
51;9;34094;A;9;1;511680;38
51;9;33872;A;9;1;520189;39
51;9;33158;A;9;1;510142;23
51;9;33965;A;9;1;10968;41
51;9;34659;A;9;1;4612;27
51;9;34227;A;9;1;9950;27
51;9;34117;A;9;1;3076;38
51;9;34768;A;9;1;512804;24
51;9;32947;A;9;1;509781;20
51;9;33650;A;9;1;2504;40
51;9;33000;A;9;1;9982;20
51;9;33901;A;9;1;208;30
51;9;34335;A;9;1;8960;39
51;9;33443;A;9;1;4188;23
51;9;33255;A;9;1;510305;23
51;9;34376;A;9;1;512170;39
51;9;33553;A;9;1;510827;40
51;9;34510;A;9;1;3868;27
51;9;34844;A;9;1;4408;32
51;9;34397;A;9;1;2624;26
51;9;35046;A;9;1;5498;31
51;9;33137;A;9;1;8580;23
51;9;35011;A;9;1;513213;31
51;9;33990;A;9;1;511538;41
51;9;34761;A;9;1;512787;24
51;9;33396;A;9;1;9326;39
51;9;33434;A;9;1;6628;23
51;9;34937;A;9;1;3124;31
51;9;33100;A;9;1;510034;23
51;9;34136;A;9;1;5360;38
51;9;34507;A;9;1;1870;27
51;9;33087;A;9;1;510011;39
51;9;34704;A;9;1;3156;21
51;9;32858;A;9;1;8186;19
51;9;33051;A;9;1;509959;20
51;9;33732;A;9;1;4020;40
51;9;33328;A;9;1;4492;23
51;9;33023;A;9;1;5886;20
51;9;33379;A;9;1;5046;23
51;9;34178;A;9;1;2840;38
51;9;34962;A;9;1;462;31
51;9;33104;A;9;1;510046;39
51;9;34647;A;9;1;512607;31
51;9;35060;A;9;1;4314;31
51;9;33415;A;9;1;2444;23
51;9;35080;A;9;1;513316;31
51;9;33822;A;9;1;4802;40
51;9;34998;A;9;1;3552;31
51;9;32943;A;9;1;509769;20
51;9;34068;A;9;1;5382;17
51;9;32854;A;9;1;9568;19
51;9;34880;A;9;1;513000;33
51;9;34626;A;9;1;6024;25
51;9;34887;A;9;1;3382;31
51;9;34762;A;9;1;512790;24
51;9;32884;A;9;1;7162;19
51;9;32859;A;9;1;509633;38
51;9;33752;A;9;1;9120;40
51;9;34151;A;9;1;6516;35
51;9;34300;A;9;1;2868;35
51;9;34528;A;9;1;5156;27
51;9;33470;A;9;1;2674;40
51;9;33101;A;9;1;510037;39
51;9;33617;A;9;1;520215;39
51;9;33980;A;9;1;511524;41
51;9;33371;A;9;1;510499;23
51;9;34927;A;9;1;3158;31
51;9;33864;A;9;1;3928;40
51;9;32971;A;9;1;8588;20
51;9;34362;A;9;1;6932;39
51;9;33933;A;9;1;5276;27
51;9;34067;A;9;1;9816;18
51;9;34200;A;9;1;2574;22
51;9;33621;A;9;1;5504;40
51;9;34989;A;9;1;8036;31
51;9;34775;A;9;1;4702;24
51;9;35045;A;9;1;3784;31
51;9;34435;A;9;1;5330;26
51;9;34238;A;9;1;511928;35
51;9;34352;A;9;1;512126;39
51;9;33567;A;9;1;4760;40
51;9;34774;A;9;1;302;24
51;9;34856;A;9;1;512960;32
51;9;34969;A;9;1;9624;31
51;9;35120;A;9;1;2766;32
51;9;34286;A;9;1;4590;35
51;9;32791;A;9;1;3034;18
51;9;33091;A;9;1;510019;39
51;9;33118;A;9;1;510076;39
51;9;34817;A;9;1;7334;33
51;9;33815;A;9;1;6614;40
51;9;33572;A;9;1;520291;39
51;9;33498;A;9;1;510732;40
51;9;34037;A;9;1;1298;41
51;9;34811;A;9;1;512889;33
51;9;33756;A;9;1;5418;40
51;9;32855;A;9;1;509625;19
51;9;33880;A;9;1;511376;40
51;9;33978;A;9;1;7802;41
51;9;33261;A;9;1;4168;23
51;9;32781;A;9;1;6048;38
51;9;33305;A;9;1;510391;23
51;9;33327;A;9;1;3892;23
51;9;33856;A;9;1;5596;40
51;9;33547;A;9;1;4394;40
51;9;33743;A;9;1;10644;40
51;9;33729;A;9;1;9200;40
51;9;33329;A;9;1;510429;23
51;9;33218;A;9;1;308;23
51;9;33600;A;9;1;2008;40
51;9;34423;A;9;1;3518;26
51;9;34469;A;9;1;520331;31
51;9;32876;A;9;1;3620;19
51;9;34536;A;9;1;8686;27
51;9;34755;A;9;1;6902;24
51;9;32802;A;9;1;608;19
51;9;34052;A;9;1;8872;41
51;9;33530;A;9;1;4424;40
51;9;34973;A;9;1;4610;31
51;9;33027;A;9;1;509915;20
51;9;34600;A;9;1;7206;27
51;9;35112;A;9;1;10246;32
51;9;33238;A;9;1;5004;23
51;9;34466;A;9;1;520319;31
51;9;33934;A;9;1;8782;26
51;9;34949;A;9;1;890;31
51;9;34725;A;9;1;640;36
51;9;33749;A;9;1;8460;40
51;9;34135;A;9;1;511755;35
51;9;34007;A;9;1;7074;41
51;9;34310;A;9;1;1050;39
51;9;33456;A;9;1;326;39
51;9;34174;A;9;1;511816;36
51;9;33966;A;9;1;511498;41
51;9;33084;A;9;1;336;39
51;9;34851;A;9;1;5852;32
51;9;33488;A;9;1;510712;40
51;9;34125;A;9;1;5456;38
51;9;34503;A;9;1;1622;27
51;9;34245;A;9;1;3030;35
51;9;33184;A;9;1;510198;23
51;9;34069;A;9;1;1378;17
51;9;33321;A;9;1;4488;23
51;9;33240;A;9;1;2436;23
51;9;33095;A;9;1;7446;39
51;9;34758;A;9;1;750;24
51;9;33866;A;9;1;520191;33
51;9;34391;A;9;1;3846;16
51;9;34759;A;9;1;6904;24
51;9;34321;A;9;1;8538;39
51;9;34439;A;9;1;1412;26
51;9;34560;A;9;1;5844;27
51;9;34118;A;9;1;4132;38
51;9;34644;A;9;1;7844;27
51;9;34364;A;9;1;7836;39
51;9;33809;A;9;1;5692;40
51;9;34732;A;9;1;2944;28
51;9;34298;A;9;1;2856;35
51;9;32928;A;9;1;509742;20
51;9;33801;A;9;1;10608;40
51;9;34635;A;9;1;4110;27
51;9;33780;A;9;1;7782;40
51;9;34406;A;9;1;5486;26
51;9;34295;A;9;1;2858;35
51;9;34260;A;9;1;8164;35
51;9;34137;A;9;1;678;35
51;9;34078;A;9;1;2854;35
51;9;33341;A;9;1;10208;23
51;9;32839;A;9;1;5240;19
51;9;32949;A;9;1;509785;20
51;9;33616;A;9;1;3946;40
51;9;34823;A;9;1;3366;33
51;9;34361;A;9;1;10584;39
51;9;34703;A;9;1;7004;21
51;9;33160;A;9;1;2068;23
51;9;34278;A;9;1;511996;35
51;9;33049;A;9;1;4226;20
51;9;34186;A;9;1;994;38
51;9;33147;A;9;1;510123;23
51;9;34104;A;9;1;2952;27
51;9;33005;A;9;1;2124;20
51;9;33481;A;9;1;7922;40
51;9;33712;A;9;1;4892;26
51;9;34612;A;9;1;512540;27
51;9;34425;A;9;1;512249;26
51;9;32905;A;9;1;8806;19
51;9;32930;A;9;1;509746;20
51;9;33435;A;9;1;9100;23
51;9;33356;A;9;1;8992;23
51;9;33185;A;9;1;6310;23
51;9;34662;A;9;1;9156;27
51;9;32783;A;9;1;3242;19
51;9;35003;A;9;1;6438;31
51;9;33549;A;9;1;10670;40
51;9;33479;A;9;1;3506;40
51;9;33556;A;9;1;862;40
51;9;33957;A;9;1;511481;41
51;9;34711;A;9;1;5178;21
51;9;35016;A;9;1;4318;31
51;9;34705;A;9;1;4356;33
51;9;34448;A;9;1;4572;26
51;9;34522;A;9;1;5848;27
51;9;33264;A;9;1;510320;23
51;9;33674;A;9;1;6290;40
51;9;34277;A;9;1;9196;27
51;9;32860;A;9;1;1142;19
51;9;34132;A;9;1;511750;35
51;9;34994;A;9;1;9720;31
51;9;34329;A;9;1;5648;39
51;9;33550;A;9;1;520259;31
51;9;34256;A;9;1;5372;35
51;9;34870;A;9;1;7188;33
51;9;33832;A;9;1;7130;40
51;9;33946;A;9;1;511464;41
51;9;35017;A;9;1;3778;31
51;9;34041;A;9;1;3286;41
51;9;32806;A;9;1;509534;19
51;9;33779;A;9;1;3466;40
51;9;32775;A;9;1;509477;29
51;9;33583;A;9;1;3458;40
51;9;34343;A;9;1;512107;39
51;9;33516;A;9;1;6408;40
51;9;33715;A;9;1;511099;40
51;9;32849;A;9;1;509613;19
51;9;33279;A;9;1;510351;39
51;9;34262;A;9;1;2862;35
51;9;33730;A;9;1;4434;40
51;9;34356;A;9;1;4672;39
51;9;33601;A;9;1;510905;21
51;9;34624;A;9;1;4114;27
51;9;34396;A;9;1;8822;26
51;9;33010;A;9;1;7858;20
51;9;33640;A;9;1;510972;40
51;9;34111;A;9;1;628;38
51;9;35001;A;9;1;4900;31
51;9;34796;A;9;1;4952;32
51;9;34553;A;9;1;4586;27
51;9;33186;A;9;1;10562;39
51;9;34899;A;9;1;7846;32
51;9;34797;A;9;1;512865;32
51;9;34782;A;9;1;512834;24
51;9;33440;A;9;1;510634;23
51;9;34676;A;9;1;512658;21
51;9;32957;A;9;1;509795;20
51;9;34467;A;9;1;9162;26
51;9;33917;A;9;1;2252;30
51;9;34458;A;9;1;3594;26
51;9;34145;A;9;1;5816;36
51;9;33936;A;9;1;9662;26
51;9;33224;A;9;1;2066;23
51;9;33211;A;9;1;9922;23
51;9;32916;A;9;1;10304;19
51;9;33703;A;9;1;2492;40
51;9;33717;A;9;1;511103;40
51;9;34049;A;9;1;8744;41
51;9;34161;A;9;1;511797;35
51;9;33016;A;9;1;10248;20
51;9;34557;A;9;1;10144;27
51;9;32808;A;9;1;509538;19
51;9;34023;A;9;1;536;41
51;9;33976;A;9;1;6842;41
51;9;33532;A;9;1;510790;40
51;9;33731;A;9;1;5144;40
51;9;34330;A;9;1;4642;39
51;9;34940;A;9;1;3560;31
51;9;34642;A;9;1;9416;27
51;9;33395;A;9;1;9226;23
51;9;32983;A;9;1;2154;20
51;9;33209;A;9;1;510229;23
51;9;34428;A;9;1;3370;26
51;9;33678;A;9;1;2582;40
51;9;35133;A;9;1;9258;32
51;9;34179;A;9;1;511825;38
51;9;34953;A;9;1;4264;32
51;9;33744;A;9;1;2512;40
51;9;33552;A;9;1;520257;21
51;9;34432;A;9;1;8278;26
51;9;32976;A;9;1;509824;20
51;9;33028;A;9;1;7812;20
51;9;33343;A;9;1;5050;23
51;9;33258;A;9;1;4490;23
51;9;33629;A;9;1;520197;33
51;9;35097;A;9;1;7620;32
51;9;33977;A;9;1;6354;41
51;9;34724;A;9;1;662;37
51;9;33699;A;9;1;4052;40
51;9;35072;A;9;1;4090;31
51;9;33921;A;9;1;3758;30
51;9;34284;A;9;1;8704;35
51;9;34773;A;9;1;512813;24
51;9;34524;A;9;1;512390;27
51;9;34184;A;9;1;511834;38
51;9;34904;A;9;1;8306;33
51;9;33252;A;9;1;5542;23
51;9;33482;A;9;1;520221;22
51;9;34849;A;9;1;6490;32
51;9;34988;A;9;1;3120;31
51;9;32948;A;9;1;2636;20
51;9;33734;A;9;1;5420;40
51;9;33523;A;9;1;4368;40
51;9;33643;A;9;1;4370;40
51;9;33401;A;9;1;2702;23
51;9;33476;A;9;1;10350;40
51;9;32881;A;9;1;368753;19
51;9;33692;A;9;1;8222;40
51;9;34586;A;9;1;512498;31
51;9;33760;A;9;1;4432;40
51;9;32805;A;9;1;509531;41
51;9;34833;A;9;1;4406;32
51;9;33466;A;9;1;520303;18
51;9;33071;A;9;1;10500;20
51;9;33994;A;9;1;6692;41
51;9;35020;A;9;1;4936;31
51;9;33676;A;9;1;511030;40
51;9;33493;A;9;1;510723;40
51;9;34315;A;9;1;10448;39
51;9;33089;A;9;1;510015;39
51;9;34906;A;9;1;8312;33
51;9;34981;A;9;1;9628;31
51;9;34442;A;9;1;520313;31
51;9;34247;A;9;1;511943;35
51;9;34598;A;9;1;5628;27
51;9;34336;A;9;1;4656;39
51;9;34465;A;9;1;520325;31
51;9;33842;A;9;1;2496;40
51;9;34402;A;9;1;1432;26
51;9;34072;A;9;1;511640;18
51;9;33180;A;9;1;510190;39
51;9;33787;A;9;1;5142;40
51;9;34551;A;9;1;8272;27
51;9;33116;A;9;1;7016;23
51;9;33828;A;9;1;4736;40
51;9;34473;A;9;1;4288;26
51;9;32998;A;9;1;7790;20
51;9;34760;A;9;1;512784;24
51;9;35029;A;9;1;513235;31
51;9;33503;A;9;1;2742;40
51;9;33762;A;9;1;511180;33
51;9;33473;A;9;1;440;40
51;9;33474;A;9;1;520201;21
51;9;33107;A;9;1;510055;39
51;9;35027;A;9;1;9130;31
51;9;35074;A;9;1;513306;31
51;9;33177;A;9;1;510181;23
51;9;33622;A;9;1;520255;33
51;9;34088;A;9;1;511668;38
51;9;33852;A;9;1;511334;40
51;9;34431;A;9;1;520335;26
51;9;33096;A;9;1;2472;39
51;9;32979;A;9;1;509831;20
51;9;34713;A;9;1;7228;21
51;9;34261;A;9;1;1734;27
51;9;34631;A;9;1;3088;27
51;9;34177;A;9;1;2848;38
51;9;35051;A;9;1;513265;31
51;9;34577;A;9;1;6030;25
51;9;34605;A;9;1;3100;27
51;9;33120;A;9;1;4306;23
51;9;32897;A;9;1;8424;19
51;9;33667;A;9;1;520269;21
51;9;34637;A;9;1;7140;27
51;9;34248;A;9;1;2884;35
51;9;33359;A;9;1;510469;23
51;9;34861;A;9;1;512969;33
51;9;33375;A;9;1;510505;23
51;9;32824;A;9;1;509574;41
51;9;33796;A;9;1;8166;40
51;9;34000;A;9;1;511552;41
51;9;34660;A;9;1;1742;27
51;9;33586;A;9;1;510876;40
51;9;33006;A;9;1;8530;20
51;9;34033;A;9;1;6686;41
51;9;34748;A;9;1;512766;28
51;9;34645;A;9;1;5616;27
51;9;32981;A;9;1;416;20
51;9;32785;A;9;1;566;19
51;9;34084;A;9;1;511662;38
51;9;33176;A;9;1;510178;39
51;9;33405;A;9;1;510567;23
51;9;33351;A;9;1;7370;23
51;9;33260;A;9;1;7546;23
51;9;33330;A;9;1;4176;23
51;9;33631;A;9;1;7324;40
51;9;33747;A;9;1;1958;40
51;9;33370;A;9;1;510496;23
51;9;34824;A;9;1;3160;32
51;9;34369;A;9;1;8956;39
51;9;33708;A;9;1;1934;40
51;9;33975;A;9;1;511515;41
51;9;33113;A;9;1;8516;23
51;9;33579;A;9;1;9208;40
51;9;35095;A;9;1;3774;31
51;9;34746;A;9;1;9802;28
51;9;34472;A;9;1;4980;26
51;9;32817;A;9;1;509557;19
51;9;33903;A;9;1;5076;30
51;9;33820;A;9;1;520183;33
51;9;33314;A;9;1;2442;23
51;9;33724;A;9;1;6652;40
51;9;32833;A;9;1;2288;18
51;9;34499;A;9;2;244;27
51;9;32952;A;9;1;7784;20
51;9;33837;A;9;1;4038;40
51;9;35042;A;9;1;6464;31
51;9;32973;A;9;1;10374;20
51;9;34002;A;9;1;2786;41
51;9;34519;A;9;1;1880;27
51;9;33273;A;9;1;510337;23
51;9;34727;A;9;1;664;36
51;9;34447;A;9;1;6622;26
51;9;33098;A;9;1;510030;22
51;9;32878;A;9;1;8410;19
51;9;33695;A;9;1;520283;33
51;9;33783;A;9;1;4886;40
51;9;33275;A;9;1;8394;23
51;9;34691;A;9;1;4064;21
51;9;33262;A;9;1;7174;23
51;9;33041;A;9;1;4304;20
51;9;34272;A;9;1;10658;27
51;9;33345;A;9;1;7544;23
51;9;33117;A;9;1;2704;39
51;9;34578;A;9;1;512484;27
51;9;33326;A;9;1;5152;23
51;9;34617;A;9;1;1852;27
51;9;33569;A;9;1;3804;40
51;9;34716;A;9;1;7120;21
51;9;34964;A;9;1;4692;32
51;9;32932;A;9;1;4298;20
51;9;32801;A;9;1;509521;19
51;9;33806;A;9;1;6144;40
51;9;34394;A;9;1;4976;26
51;9;34852;A;9;1;5092;33
51;9;33831;A;9;1;9698;40
51;9;33593;A;9;1;7934;40
51;9;32875;A;9;1;509657;19
51;9;33543;A;9;1;4006;40
51;9;33654;A;9;1;7776;40
51;9;34159;A;9;1;9694;38
51;9;32818;A;9;1;509560;19
51;9;33763;A;9;1;4752;40
51;9;32984;A;9;1;509840;20
51;9;34142;A;9;1;511764;35
51;9;33501;A;9;1;2680;40
51;9;34223;A;9;1;511901;35
51;9;32874;A;9;1;509654;19
51;9;33099;A;9;1;2394;40
51;9;33033;A;9;1;509929;20
51;9;35018;A;9;1;3792;31
51;9;34828;A;9;1;4402;33
51;9;32800;A;9;1;1536;19
51;9;33397;A;9;1;2088;23
51;9;32845;A;9;1;10340;19
51;9;34579;A;9;1;512487;27
51;9;34825;A;9;1;1442;32
51;9;32867;A;9;1;10742;19
51;9;33384;A;9;1;7420;23
51;9;33129;A;9;1;9314;23
51;9;35086;A;9;1;6440;31
51;9;33915;A;9;1;490;30
51;9;33478;A;9;1;4560;40
51;9;33178;A;9;1;510184;39
51;9;35053;A;9;1;8608;31
51;9;33823;A;9;1;9262;40
51;9;33655;A;9;1;4798;40
51;9;34663;A;9;1;1000;27
51;9;34328;A;9;1;512084;39
51;9;32820;A;9;1;509564;41
51;9;34047;A;9;1;511609;41
51;9;33546;A;9;1;3816;40
51;9;33633;A;9;1;4062;21
51;9;33740;A;9;1;8284;40
51;9;34167;A;9;1;2842;38
51;9;34492;A;9;1;498;17
51;9;32940;A;9;1;432;40
51;9;33889;A;9;1;4748;40
51;9;33816;A;9;1;7326;40
51;9;34741;A;9;1;2910;28
51;9;33684;A;9;1;5200;40
51;9;34814;A;9;1;3352;33
51;9;35024;A;9;1;892;31
51;9;34218;A;9;1;511894;22
51;9;34012;A;9;1;511568;41
51;9;34734;A;9;1;2904;28
51;9;33671;A;9;1;4894;26
51;9;34538;A;9;1;4106;27
51;9;33979;A;9;1;511521;41
51;9;34697;A;9;1;4068;21
51;9;33634;A;9;1;5212;40
51;9;35134;A;9;1;513400;32
51;9;33677;A;9;1;520279;21
51;9;34875;A;9;1;512989;33
51;9;33128;A;9;1;6800;23
51;9;35062;A;9;1;6350;31
51;9;33387;A;9;1;510527;23
51;9;32810;A;9;1;509542;19
51;9;34648;A;9;1;5730;27
51;9;35038;A;9;1;6428;31
51;9;33686;A;9;1;9940;40
51;9;33114;A;9;1;510070;23
51;9;33487;A;9;1;8154;40
51;9;34419;A;9;1;512239;26
51;9;32888;A;9;1;8426;19
51;9;33078;A;9;1;10366;20
51;9;33414;A;9;1;510584;23
51;9;33526;A;9;1;510782;40
51;9;33609;A;9;1;510921;40
51;9;33725;A;9;1;9366;40
51;9;34777;A;9;1;512823;24
51;9;34954;A;9;1;886;31
51;9;33304;A;9;1;510388;23
51;9;33208;A;9;1;786;23
51;9;33502;A;9;1;438;40
51;9;33039;A;9;1;10100;20
51;9;33263;A;9;1;6488;23
51;9;34800;A;9;1;5186;32
51;9;33663;A;9;1;860;40
51;9;34332;A;9;1;3454;39
51;9;35005;A;9;1;5678;31
51;9;34958;A;9;1;1458;32
51;9;34700;A;9;1;1216;21
51;9;34690;A;9;1;9282;32
51;9;32964;A;9;1;7906;40
51;9;33985;A;9;1;6702;41
51;9;34412;A;9;1;4668;26
51;9;33573;A;9;1;5024;39
51;9;35136;A;9;1;3396;32
51;9;33681;A;9;1;3958;40
51;9;34333;A;9;1;512093;39
51;9;33576;A;9;1;4026;40
51;9;34289;A;9;1;7184;28
51;9;33115;A;9;1;8570;23
51;9;34173;A;9;1;4164;36
51;9;33020;A;9;1;10092;20
51;9;33315;A;9;1;9388;39
51;9;34061;A;9;1;511627;41
51;9;34476;A;9;1;512316;26
51;9;34491;A;9;1;5256;17
51;9;34554;A;9;1;912;27
51;9;33251;A;9;1;7486;23
51;9;33968;A;9;1;511502;41
51;9;32890;A;9;1;6852;19
51;9;34231;A;9;1;4126;35
51;9;34575;A;9;1;3096;27
51;9;33614;A;9;1;8972;40
51;9;34674;A;9;1;512652;21
51;9;34679;A;9;1;4512;21
