CID;TABCD;LCD;CLASS;TCD;STCD;ROADNUMBER;RNID;N1ID;N2ID;ROA_LCD;SEG_LCD;POL_LCD;RDID
51;9;1509;L;3;0;H5;314;782;258;1066;;11;27593
51;9;1582;L;3;0;H23;314;1422;3488;1079;;8;27566
51;9;1485;L;3;0;H2;314;1060;1350;1053;;41;27554
51;9;1441;L;3;0;A1;;252;736;1039;;11;27396
51;9;25180;L;3;0;;314;5620;4456;18762;;27;
51;9;1549;L;3;0;H13;314;1134;734;1065;;38;27532
51;9;1534;L;3;0;H11;314;450;1358;1072;;8;27526
51;9;1384;L;3;0;H21;314;3422;396;1078;;1;27560
51;9;1565;L;3;0;H17;314;1898;244;1075;;12;27544
51;9;1269;L;3;0;A9;;396;2120;1016;;20;27477
51;9;1287;L;3;0;A51;;244;1850;1035;;27;27454
51;9;1556;L;3;0;H12;314;1024;362;1073;;11;27529
51;9;1511;L;3;0;H5;314;1182;226;1066;;8;27593
51;9;1451;L;3;0;H6;314;1918;188;1067;;40;27596
51;9;1308;L;3;0;H22;314;326;1944;1058;;8;27563
51;9;1240;L;3;0;;314;1986;1918;1132;;40;
51;9;1432;L;3;0;A1;;188;244;1039;;8;27396
51;9;1469;L;3;0;A8;;2004;2024;1017;;8;27472
51;9;1445;L;3;0;A4;;1718;236;1041;;12;27442
51;9;1541;L;3;0;H12;314;188;226;1073;;8;27529
51;9;12549;L;3;0;H18;314;3126;3128;1076;;8;27547
51;9;1553;L;3;0;H13;314;236;2896;1065;;28;27532
51;9;1494;L;3;0;H3;314;610;1088;1063;;19;27584
51;9;1577;L;3;0;H22;314;1944;226;1058;;8;27563
51;9;1455;L;3;0;H1;314;736;326;1057;;11;27520
51;9;1380;L;3;0;H17;314;1674;234;1075;;8;27544
51;9;1520;L;3;0;H8;314;2984;238;1069;;12;27602
51;9;1547;L;3;0;H13;314;606;1088;1065;;19;27532
51;9;1515;L;3;0;H5;314;1584;3882;1066;;31;27593
51;9;1498;L;3;0;H3;314;1634;244;1063;;8;27584
51;9;1580;L;3;0;H23;314;3490;3492;1079;;40;27566
51;9;1433;L;3;0;A1;;244;238;1039;;12;27396
51;9;1539;L;3;0;H11;314;2098;360;1072;;23;27526
51;9;1385;L;3;0;H23;314;846;3490;1079;;40;27566
51;9;1571;L;3;0;H19;314;2288;3230;1068;;8;27551
51;9;1542;L;3;0;H12;314;226;2266;1073;;33;27529
51;9;1457;L;3;0;H1;314;188;890;1057;;8;27520
51;9;1360;L;3;0;H5;314;736;782;1066;;23;27593
51;9;1523;L;3;0;H9;314;1024;396;1071;;11;710
51;9;1448;L;3;0;H6;314;450;1986;1067;;40;27596
51;9;1522;L;3;0;H9;314;736;1024;1071;;23;710
51;9;1256;L;3;0;H27;314;3628;3614;1082;;1;27578
51;9;1322;L;3;0;;314;5434;5076;1105;;33903;
51;9;12554;L;3;0;H9;314;396;2120;1071;;20;710
51;9;27075;L;3;0;A4;1678;1674;1680;1041;;14;27442
51;9;1557;L;3;0;H12;314;362;250;1073;;39;27529
51;9;1581;L;3;0;H23;314;3492;1422;1079;;26;27566
51;9;1407;L;3;0;A12;;1024;250;1051;;11;27408
51;9;1387;L;3;0;H24;314;1422;3488;1080;;8;27569
51;9;1025;L;3;0;H13;314;2776;1060;1065;;41;27532
51;9;1364;L;3;0;;314;4716;1986;1132;;40;
51;9;1508;L;3;0;H7;314;238;734;1060;;38;27599
51;9;1496;L;3;0;H3;314;1088;1134;1063;;8;27584
51;9;1578;L;3;0;H22;314;226;2504;1058;;40;27563
51;9;27581;L;3;0;182;314;250;326;17879;;39;27312
51;9;25235;L;3;0;;369144;244;1876;1127;;27;
51;9;1271;L;3;0;A13;;1060;1062;1018;;8;27411
51;9;1526;L;3;0;H10;314;258;2580;1059;;8;27523
51;9;1505;L;3;0;H4;314;244;236;1064;;1;27590
51;9;1422;L;3;0;;314;1900;1870;1161;;12;
51;9;1491;L;3;0;;314;2630;1430;1061;;26;
51;9;1211;L;3;0;417;314;610;608;1130;;19;27369
51;9;1473;L;3;0;A13;;1134;734;1018;;38;27411
51;9;1428;L;3;0;A6;;188;1944;1045;;40;27463
51;9;1444;L;3;0;A3;369746;1276;1088;1019;;27;27433
51;9;1546;L;3;0;H13;314;1060;606;1065;;8;27532
51;9;1389;L;3;0;H27;314;3612;2274;1082;;19;27578
51;9;1489;L;3;0;H2;314;202;3366;1053;;8;27554
51;9;1462;L;3;0;A5;;258;1182;1036;;8;27451
51;9;1290;L;3;0;A16;;1182;1186;1037;;8;27417
51;9;1550;L;3;0;H13;314;734;2260;1065;;12;27532
51;9;1559;L;3;0;H15;314;236;2944;1070;;28;27538
51;9;36357;L;3;0;A4;;236;2944;1041;;28;27442
51;9;25956;L;3;0;;314;250;4632;17797;;39;
51;9;1430;L;3;0;A1;;782;326;1039;;11;27396
51;9;1468;L;3;0;A9;;2120;2136;1016;;20;27477
51;9;1478;L;3;0;A51;;1850;1848;1035;;27;27454
51;9;1551;L;3;0;H13;314;2260;670;1065;;35;27532
51;9;12350;L;3;0;A1;916;188;238;1039;;27;27396
51;9;1434;L;3;0;A2;;1274;1278;1044;;8;27427
51;9;1537;L;3;0;A9;2158;2136;2058;1016;;1;27477
51;9;1357;L;3;0;417;314;606;610;1130;;19;27369
51;9;1502;L;3;0;H4;314;2028;202;1064;;14;27590
51;9;12624;L;3;0;H18;314;3128;1186;1076;;21;27547
51;9;1517;L;3;0;H8;314;208;1898;1069;;8;27602
51;9;1302;L;3;0;H14;314;2906;236;1054;;28;27535
51;9;1513;L;3;0;H5;314;3366;3488;1066;;13;27593
51;9;1238;L;3;0;;314;1918;188;1132;;40;
51;9;1518;L;3;0;H8;314;1898;2984;1069;;38;27602
51;9;1471;L;3;0;A13;;1062;1088;1018;;19;27411
51;9;1456;L;3;0;H1;314;326;188;1057;;8;27520
51;9;1492;L;3;0;H3;314;3612;3694;1063;;19;27584
51;9;1569;L;3;0;H18;314;1186;1276;1076;;8;27547
51;9;1208;L;3;0;448;314;648;654;1094;;12;27378
51;9;12622;L;3;0;H28;1530;608;1532;1083;;19;369407
51;9;1573;L;3;0;H19;314;3230;1128;1068;;19;27551
51;9;1229;L;3;0;340;314;4830;1870;1162;;27;528903
51;9;1439;L;3;0;A9;;1024;396;1016;;11;27477
51;9;1372;L;3;0;H15;314;1898;1718;1070;;12;27538
51;9;1431;L;3;0;A1;;326;188;1039;;8;27396
51;9;1427;L;3;0;A6;;1918;188;1045;;40;27463
51;9;1482;L;3;0;H1;314;244;1718;1057;;27;27520
51;9;1297;L;3;0;A6;;1944;1182;1045;;40;27463
51;9;1447;L;3;0;H6;314;3988;450;1067;;40;27596
51;9;1575;L;3;0;H21;314;396;386;1078;;11;27560
51;9;1566;L;3;0;H17;314;244;3032;1075;;8;27544
51;9;1449;L;3;0;H6;314;1986;1918;1067;;40;27596
51;9;1470;L;3;0;A12;;250;188;1051;;8;27408
51;9;1585;L;3;0;H24;314;3488;1574;1080;;31;27569
51;9;1307;L;3;0;H1;314;252;736;1057;;11;27520
51;9;1475;L;3;0;A15;;1890;1870;1032;;12;528262
51;9;1278;L;3;0;H2;314;1274;1060;1053;;41;27554
51;9;1558;L;3;0;H15;314;1718;236;1070;;27;27538
51;9;12552;L;3;0;H2;3332;1350;1354;1053;;8;27554
51;9;1484;L;3;0;H1;314;2542;670;1057;;35;27520
51;9;1512;L;3;0;H5;314;226;3366;1066;;8;27593
51;9;1366;L;3;0;H19;314;2136;2288;1068;;8;27551
51;9;1411;L;3;0;;314;188;4370;1150;;40;
51;9;1283;L;3;0;447;314;238;634;1030;;12;27375
51;9;1452;L;3;0;H6;314;188;1944;1067;;40;27596
51;9;25237;L;3;0;;369144;1876;1884;1127;;27;
51;9;1528;L;3;0;H10;314;188;202;1059;;8;27523
51;9;1304;L;3;0;H25;314;3348;214;1056;;14;27572
51;9;1487;L;3;0;H2;314;1680;3348;1053;;30;27554
51;9;1467;L;3;0;A8;;2024;1984;1017;;14;27472
51;9;1454;L;3;0;H6;314;1200;1186;1067;;8;27596
51;9;1374;L;3;0;H9;314;2060;736;1071;;23;710
51;9;1507;L;3;0;H4;314;236;1676;1064;;1;27590
51;9;1363;L;3;0;H6;314;3222;3988;1067;;8;27596
51;9;1258;L;3;0;H27;314;2274;1536;1082;;19;27578
51;9;25179;L;3;0;;314;244;5620;18762;;27;
51;9;1490;L;3;0;H2;314;3366;1276;1053;;13;27554
51;9;1228;L;3;0;;314;1634;940;1161;;27;
51;9;1377;L;3;0;H30;314;3126;1204;1074;;40;27587
51;9;1562;L;3;0;H17;314;234;3062;1075;;12;27544
51;9;1257;L;3;0;H27;314;1536;3628;1082;;19;27578
51;9;1531;L;3;0;H11;2660;2394;434;1072;;40;27526
51;9;1459;L;3;0;H7;314;2030;1718;1060;;8;27599
51;9;1510;L;3;0;H5;314;258;1182;1066;;8;27593
51;9;25957;L;3;0;;314;4632;362;17797;;39;
51;9;1220;L;3;0;;314;5076;4146;1105;;30;
51;9;1460;L;3;0;H7;314;1718;238;1060;;12;27599
51;9;1524;L;3;0;H9;314;2120;2136;1071;;20;710
51;9;1435;L;3;0;A2;;1278;202;1044;;14;27427
51;9;1525;L;3;0;H10;314;2056;258;1059;;22;27523
51;9;1356;L;3;0;H3;314;3672;3612;1063;;32803;27584
51;9;1576;L;3;0;H21;314;386;284;1078;;20;27560
51;9;1284;L;3;0;A15;;1640;1890;1032;;8;528262
51;9;1296;L;3;0;A2;;202;1276;1044;;1;27427
51;9;27582;L;3;0;182;314;326;2586;17879;;8;27312
51;9;1540;L;3;0;H12;314;250;188;1073;;8;27529
51;9;1514;L;3;0;H5;314;3488;1584;1066;;31;27593
51;9;1587;L;3;0;H25;314;214;3488;1056;;8;27572
51;9;1488;L;3;0;H2;314;3348;202;1053;;14;27554
51;9;1354;L;3;0;;314;202;2630;1061;;26;
51;9;1426;L;3;0;A6;;444;1918;1045;;40;27463
51;9;1255;L;3;0;H28;314;1536;1496;1083;;19;369407
51;9;25187;L;3;0;H14;314;236;2542;1054;;12;27535
51;9;1497;L;3;0;H3;314;1134;1634;1063;;8;27584
51;9;25934;L;3;0;H15;314;2964;1718;1070;;27;27538
51;9;25233;L;3;0;;314;1870;1634;1161;;27;
51;9;1464;L;3;0;H6;314;1186;1184;1067;;21;27596
51;9;1204;L;3;0;;314;694;2866;1141;;35;
51;9;1379;L;3;0;;314;238;694;1141;;12;
51;9;1463;L;3;0;A5;;1182;226;1036;;8;27451
51;9;1474;L;3;0;A16;;1186;1216;1037;;21;27417
51;9;1483;L;3;0;H1;314;1718;2542;1057;;12;27520
51;9;1270;L;3;0;A8;;434;1986;1017;;40;27472
51;9;1272;L;3;0;A3;;1276;244;1019;;13;27433
51;9;1499;L;3;0;H3;314;244;1276;1063;;8;27584
51;9;1443;L;3;0;A3;;244;1088;1019;;8;27433
51;9;1552;L;3;0;H13;314;670;236;1065;;12;27532
51;9;1252;L;3;0;H30;314;3816;2266;1074;;8;27587
51;9;1486;L;3;0;H2;314;1354;1682;1053;;18;27554
51;9;1560;L;3;0;H16;314;2984;968;1055;;38;27541
51;9;1247;L;3;0;H28;314;369388;608;1083;;19;369407
51;9;1303;L;3;0;H16;314;1156;2984;1055;;38;27541
51;9;1359;L;3;0;H13;314;2772;2776;1065;;41;27532
51;9;1210;L;3;0;447;314;634;632;1030;;12;27375
51;9;1292;L;3;0;A1;;238;734;1039;;38;27396
51;9;1466;L;3;0;A8;;1986;2004;1017;;40;27472
51;9;1294;L;3;0;A4;;1680;244;1041;;8;27442
51;9;1555;L;3;0;H14;314;2542;2260;1054;;35;27535
51;9;1503;L;3;0;H4;314;202;244;1064;;8;27590
51;9;1235;L;3;0;;314;4370;3460;1150;;40;
51;9;1453;L;3;0;H6;314;1944;1182;1067;;40;27596
51;9;1305;L;3;0;448;314;646;648;1094;;12;27378
51;9;1423;L;3;0;340;314;244;4830;1162;;27;528903
51;9;1436;L;3;0;A9;;2056;736;1016;;23;27477
51;9;1289;L;3;0;A5;;782;258;1036;;11;27451
51;9;1544;L;3;0;H12;314;2266;1462;1073;;13;27529
51;9;1481;L;3;0;H1;314;890;244;1057;;8;27520
51;9;1561;L;3;0;H16;314;968;2870;1055;;12;27541
51;9;1472;L;3;0;A13;;1088;1134;1018;;8;27411
51;9;1429;L;3;0;A1;;736;782;1039;;23;27396
51;9;1375;L;3;0;H11;314;2642;2098;1072;;11;27526
51;9;1437;L;3;0;A9;;736;1024;1016;;23;27477
51;9;1564;L;3;0;H17;314;3062;1898;1075;;38;27544
51;9;1458;L;3;0;H7;314;2994;2030;1060;;31;27599
