CID;TABCD;LCD;NEG_OFF_LCD;POS_OFF_LCD
51;9;1509;1360;1510
51;9;1582;1581;
51;9;1485;1278;12552
51;9;1441;;1429
51;9;25180;25179;
51;9;1549;1547;1550
51;9;1534;1531;
51;9;1384;;1575
51;9;1565;1564;1566
51;9;1269;1439;1468
51;9;1287;;1478
51;9;1556;;1557
51;9;1511;1510;1512
51;9;1451;1449;1452
51;9;1308;;1577
51;9;1240;1364;1238
51;9;1432;1431;12350
51;9;1469;1466;1467
51;9;1445;1294;36357
51;9;1541;1540;1542
51;9;12549;;12624
51;9;1553;1552;
51;9;1494;1492;1496
51;9;1577;1308;1578
51;9;1455;1307;1456
51;9;1380;;1562
51;9;1520;1518;
51;9;1547;1546;1549
51;9;1515;1514;
51;9;1498;1497;1499
51;9;1580;1385;1581
51;9;1433;12350;1292
51;9;1539;1375;1531
51;9;1385;;1580
51;9;1571;1366;1573
51;9;1542;1541;1544
51;9;1457;1456;1481
51;9;1360;;1509
51;9;1523;1522;12554
51;9;1448;1447;1449
51;9;1522;1374;1523
51;9;1256;1257;
51;9;1322;;1220
51;9;12554;1523;1524
51;9;27075;;1294
51;9;1557;1556;1540
51;9;1581;1580;1582
51;9;1407;;1470
51;9;1387;;1585
51;9;1025;1359;1546
51;9;1364;;1240
51;9;1508;1460;
51;9;1496;1494;1497
51;9;1578;1577;
51;9;27581;;27582
51;9;25235;;25237
51;9;1271;;1471
51;9;1526;1525;1528
51;9;1505;1503;1507
51;9;1422;;25233
51;9;1491;1354;
51;9;1211;1357;
51;9;1473;1472;
51;9;1428;1427;1297
51;9;1444;1272;1443
51;9;1546;1025;1547
51;9;1389;;1258
51;9;1489;1488;1490
51;9;1462;1289;1463
51;9;1290;;1474
51;9;1550;1549;1551
51;9;1559;1558;
51;9;36357;1445;
51;9;25956;;25957
51;9;1430;1429;1431
51;9;1468;1269;1537
51;9;1478;1287;
51;9;1551;1550;1552
51;9;12350;1432;1433
51;9;1434;;1435
51;9;1537;1468;
51;9;1357;;1211
51;9;1502;;1503
51;9;12624;12549;1569
51;9;1517;;1518
51;9;1302;;25187
51;9;1513;1512;1514
51;9;1238;1240;
51;9;1518;1517;1520
51;9;1471;1271;1472
51;9;1456;1455;1457
51;9;1492;1356;1494
51;9;1569;12624;
51;9;1208;1305;
51;9;12622;1247;1255
51;9;1573;1571;
51;9;1229;1423;
51;9;1439;1437;1269
51;9;1372;;25934
51;9;1431;1430;1432
51;9;1427;1426;1428
51;9;1482;1481;1483
51;9;1297;1428;
51;9;1447;1363;1448
51;9;1575;1384;1576
51;9;1566;1565;
51;9;1449;1448;1451
51;9;1470;1407;
51;9;1585;1387;
51;9;1307;;1455
51;9;1475;1284;
51;9;1278;;1485
51;9;1558;25934;1559
51;9;12552;1485;1486
51;9;1484;1483;
51;9;1512;1511;1513
51;9;1366;;1571
51;9;1411;;1235
51;9;1283;;1210
51;9;1452;1451;1453
51;9;25237;25235;
51;9;1528;1526;
51;9;1304;;1587
51;9;1487;1486;1488
51;9;1467;1469;
51;9;1454;1453;1464
51;9;1374;;1522
51;9;1507;1505;
51;9;1363;;1447
51;9;1258;1389;1257
51;9;25179;;25180
51;9;1490;1489;
51;9;1228;25233;
51;9;1377;;1252
51;9;1562;1380;1564
51;9;1257;1258;1256
51;9;1531;1539;1534
51;9;1459;1458;1460
51;9;1510;1509;1511
51;9;25957;25956;
51;9;1220;1322;
51;9;1460;1459;1508
51;9;1524;12554;
51;9;1435;1434;1296
51;9;1525;;1526
51;9;1356;;1492
51;9;1576;1575;
51;9;1284;;1475
51;9;1296;1435;
51;9;27582;27581;
51;9;1540;1557;1541
51;9;1514;1513;1515
51;9;1587;1304;
51;9;1488;1487;1489
51;9;1354;;1491
51;9;1426;;1427
51;9;1255;12622;
51;9;25187;1302;1555
51;9;1497;1496;1498
51;9;25934;1372;1558
51;9;25233;1422;1228
51;9;1464;1454;
51;9;1204;1379;
51;9;1379;;1204
51;9;1463;1462;
51;9;1474;1290;
51;9;1483;1482;1484
51;9;1270;;1466
51;9;1272;;1444
51;9;1499;1498;
51;9;1443;1444;
51;9;1552;1551;1553
51;9;1252;1377;
51;9;1486;12552;1487
51;9;1560;1303;1561
51;9;1247;;12622
51;9;1303;;1560
51;9;1359;;1025
51;9;1210;1283;
51;9;1292;1433;
51;9;1466;1270;1469
51;9;1294;27075;1445
51;9;1555;25187;
51;9;1503;1502;1505
51;9;1235;1411;
51;9;1453;1452;1454
51;9;1305;;1208
51;9;1423;;1229
51;9;1436;;1437
51;9;1289;;1462
51;9;1544;1542;
51;9;1481;1457;1482
51;9;1561;1560;
51;9;1472;1471;1473
51;9;1429;1441;1430
51;9;1375;;1539
51;9;1437;1436;1439
51;9;1564;1562;1565
51;9;1458;;1459
